
Processing A-D.txt...


1128 in this batch

http://h3n.mlspin.com/Email/SendClientEmail.asp?ClientId=http://h3g.mlspin.com/Email/SendClientEmail.asp?ClientId=61857,95482,143868,153695,173373,186194,201579,204520,209200,215657,229157,254782,256822,256554,260375,264274,266871,267810,271529,273603,273630,279877,280418,283427,283425,284622,283554,285240,289529,289519,289523,289528,290501,290943,294269,295718,298466,298945,303583,312884,313696,318028,317111,322490,323164,324904,325744,325571,331644,334801,338036,339106,340117,339986,347235,350182,357006,357127,380027,380030,381130,381201,381490,383580,383616,385022,386189,386226,394617,397307,400951,401033,400946,400207,402394,402726,404308,404933,407730,409754,412322,413227,417654,418393,419450,419516,420562,420627,421367,422010,422600,423785,428351,429636,431146,430995,430414,434077,434303,435311,435289,436207,437981,439523,440229,440144,441489,441390,441721,442258,445042,445441,447498,449262,449769,450707,452203,451699,452609,457949,458167,461663,463657,467188,470335,470483,470480,470649,472136,473357,473966,476819,477973,483849,485140,488002,490029,490086,489540,491338,490191,492601,493746,494791,495568,495903,495990,496422,498984,498983,500050,501263,502258,503167,503504,505093,506645,507449,511055,513318,514724,516484,518819,522782,521519,522593,522603,523908,525781,525622,529774,530945,530934,532874,536789,540546,539308,539296,539303,544053,544058,545549,550108,549364,555505,555378,555391,555315,555394,556944,556940,562065,562052,563631,563625,577903,581206,583009,585276,587017,590083,589168,591277,594040,594041,595569,598314,599472,599469,603795,603696,606740,606746,608257,609596,609594,611863,614423,614424,616164,621180,622541,625321,625328,625346,625344,629442,631055,631111,631104,631110,634997,635040,635041,641768,641784,641771,641791,644935,644905,648375,648374,651811,651782,651803,660422,660403,668675,668681,668672,

http://h3n.mlspin.com/Email/SendClientEmail.asp?ClientId=669717,668655,671395,686601,686605,686620,686622,686623,686579,686590,686619,686585,686592,697059,697042,697035,708675,708667,708679,708683,718598,718568,718616,723040,727485,729600,737774,738168,744970,744969,751727,752978,760718,762493,774703,774798,774808,775682,791076,793418,795286,798345,801866,807705,807696,807787,812890,813422,818847,820136,820288,820209,824664,825496,837686,839696,841845,843446,845289,851443,861378,864789,871759,870936,875264,877425,885844,886398,891906,901137,902092,903234,907398,906452,914619,926378,927100,932564,936418,945521,947220,946953,947106,948408,947792,953386,955181,959821,962948,962420,963239,965730,965922,966566,968319,970383,970713,971568,972450,976133,978065,978241,978670,978528,979007,979602,979864,984063,984748,987015,986963,986940,986948,988447,990751,996031,995815,996320,1000635,1000987,1005978,1007786,1016812,1016462,1017660,1021484,1024868,1024867,1024470,1027452,1030072,1031141,1031158,1037734,1043175,1050551,1055243,1062465,1062607,1063163,1065271,1065778,1066836,1067823,1070687,1071534,1080639,1087007,1088829,1104396,1108683,1125119,1130439,1135106,1138981,1144546,1144549,1147893,1149365,1148655,1150978,1152383,1152382,1158638,1158634,1158636,1159708,1161896,1170171,1172835,1176565,1180043,1181366,1180175,1180176,1180438,1182567,1185701,1186176,1189923,1198512,1200269,1201758,1204974,1207800,1208936,1213853,1216065,1219371,1219632,1220908,1226673,1225893,1228495,1228486,1235369,1239715,1239723,1239727,1240881,1250307,1253060,1253473,1253405,1254563,1264231,1265199,1265719,1267923,1272195,1272101,1273427,1274600,1276651,1277837,1279150,1291490,1293666,1294969,1296883,1297912,1297910,1304380,1304370,1304372,1305893,1309609,1309612,1309605,1309606,1309617,1310823,1312783,1316651,1316668,1323280,1323296,1323288,1323327,1328066,1333396,1336509,1337282,1340900,1340835,1340886,1340899,1340870,1340890,1341578,

http://h3n.mlspin.com/Email/SendClientEmail.asp?ClientId=1342100,1343240,1345018,1346096,1350172,1351773,1351842,1352390,1352421,1352410,1352413,1352394,1352415,1354976,1356957,1356965,1363756,1366330,1369044,1371572,1386028,1386024,1386046,1386022,1386016,1388898,1389892,1390889,1395428,1395415,1395427,1395402,1395400,1401118,1400970,1412760,1412765,1412778,1415246,1415247,1423390,1423380,1423392,1423389,1423384,1430474,1430468,1430469,1435334,1437700,1438725,1444142,1444491,1444499,1448523,1448575,1448538,1448514,1448497,1448504,1448540,1448536,1448493,1455446,1456432,1458983,1459381,1460955,1460991,1460996,1460958,1464888,1466231,1466418,1470774,1474604,1476469,1477464,1480956,1482270,1486423,1486450,1501032,1501039,1501037,1501028,1503108,1505516,1505521,1507504,1508709,1512212,1515786,1517412,1526550,1533249,1538319,1541205,1541123,1546194,1553303,1559626,1559620,1564309,1564274,1567786,1566919,1567785,1567779,1572117,1572588,1575964,1579158,1586833,1588094,1588922,1588918,1591873,1592919,1594946,1603438,1603443,1604603,1606307,1607427,1607618,1607620,1609857,1611045,1627904,1628154,1631029,1631042,1631034,1631041,1634013,1634017,1636161,1637950,1638928,1640353,1640997,1642053,1644826,1644822,1644832,1647998,1649799,1650935,1652074,1652995,1659742,1658938,1664227,1665997,1668756,1668611,1669008,1674659,1674653,1674660,1674651,1679248,1681376,1681384,1684848,1687685,1690975,1692130,1692126,1694918,1695931,1700015,1706100,1707886,1712845,1719031,1719733,1721295,1722027,1723112,1725305,1725284,1730495,1733455,1734563,1735881,1735884,1740162,1761780,1761790,1765861,1765854,1765891,1765879,1765872,1765836,1771236,1774852,1774877,1774857,1774873,1776722,1776723,1779829,1781164,1781183,1785538,1786289,1786222,1786226,1786227,1787026,1793391,1793398,1793389,1793390,1794306,1795464,1800069,1801385,1801393,1803435,1804407,1804400,1807991,1807988,1807976,1807974,1811196,1812909,1817048,1822072,1822074,1822073,1823973,1824200,1829745,1829773,1833149,1838547,1843594,1843600,1845359,1847188,1847631,1848327,1853398,1852268,1852273,

http://h3n.mlspin.com/Email/SendClientEmail.asp?ClientId=1853495,1857402,1858729,1858727,1858726,1861916,1864201,1870044,1870054,1872847,1872842,1878348,1878342,1880837,1885951,1885942,1885938,1885932,1887011,1891666,1893660,1897791,1898825,1900017,1900040,1900076,1900065,1908223,1908204,1908227,1910485,1912220,1918469,1918475,1919808,1923444,1923452,1926328,1927255,1927988,1927983,1927991,1933600,1942752,1942776,1942777,1944494,1943747,1944574,1944633,1945565,1947004,1947009,1949068,1949071,1954572,1954566,1955161,1960902,1961706,1964294,1965911,1966664,1968179,1968304,1969375,1970295,1973095,1973589,1973584,1974560,1977167,1979020,1979015,1979016,1983161,1984529,1986015,1986364,1989771,1995659,1996068,1996081,1996079,1996888,1998925,2003071,2003073,2003088,2003068,2003090,2003060,2005772,2010477,2010490,2010497,2014153,2016213,2016216,2022152,2022153,2022159,2022137,2022145,2022150,2023287,2023360,2026966,2026968,2026967,2026963,2031908,2031919,2032516,2036824,2036833,2036834,2036828,2037584,2038453,2039854,2042009,2045661,2045648,2050304,2050309,2050306,2052762,2055791,2055790,2056866,2057493,2059849,2062599,2063805,2063787,2064521,2063784,2063800,2063790,2063781,2063814,2063815,2063794,2068559,2068550,2068547,2068564,2070509,2072210,2073002,2073452,2072999,2080353,2080337,2080313,2080365,2080333,2084771,2085926,2088709,2092915,2094650,2094640,2098118,2106391,2106383,2106397,2106380,2106415,2111564,2119216,2119165,2119177,2119166,2119188,2119175,2119174,2119178,2125980,2126029,2125988,2132900,2134002,2134014,2141726,2141727,2141741,2141725,2142621,2145408,2145416,2147746,2150296,2152863,2152861,2157977,2157975,2157965,2157973,2157976,2157971,2157974,2159148,2165464,2167142,2173845,2181617,2181614,2181628,2183407,2193479,2193815,2193478,2193475,2193483,2203170,2203154,2209768,2210725,2213542,2224432,2224441,2224448,2224440,2233288,2233303,2233287,2236354,2259390,2259395,2259399,2259409,2259382,2259379,2259404,2262649,2277877,2277875,2278988,2282476,2282969,2285320,2285566,2285323,2292119,2292730,2292723,2292733,2301886,

http://h3n.mlspin.com/Email/SendClientEmail.asp?ClientId=2301885,2305110,2309486,2309489,2309493,2309495,2314869,2316335,2320274,2322152,2322156,2325954,2333907,2333893,2341084,2344141,2349880,2353650,2358127,2358608,2358961,2363222,2367954,2369263,2373023,2376709,2376721,2382361,2382351,2385241,2389182,2389154,2389165,2389174,2389189,2395728,2409199,2410254,2410262,2412861,2416574,2422438,2422425,2422433,2422423,2422422,2429418,2429415,2429700,2429425,2434265,2434266,2434269,2436142,2437233,2440748,2446659,2447036,2451711,2465244,2465235,2465224,2465237,2468730,2480413,2497435,2497419,2497428,2497414,2497403,2502789,2512779,2512803,2512782,2515654,2525752,2534643,2534647,2534725,2534656,2535300,2534658,2534666,2547755,2547766,2547767,2547769,2547771,2547775,2584146,2584137,2584131,2584133,2598145,2603045,2603035,2603031,2617045,2617047,2617039,2642604,2642600,2642591,2642620,2642573,2642618,2646141,2646918,2656861,2662990,2662963,2662967,2663874,2669886,2670999,2685965,2692477,2721319,2736581,2736566,2736558,2736569,2736593,2763513,2768726,2789419,2805464,2812085,

1128 records produced
4 records bundled

Processing E-K.txt...


868 in this batch

http://h3n.mlspin.com/Email/SendClientEmail.asp?ClientId=http://h3g.mlspin.com/Email/SendClientEmail.asp?ClientId=28665,34256,170391,190829,254973,254831,261534,272701,279869,283190,283507,286812,293404,295664,301518,305875,313319,312642,327971,330758,330033,340119,342492,349519,353432,362054,378946,379580,382537,382735,383655,382593,385703,386224,386873,391342,396788,399029,399757,399874,413322,414113,415847,417660,418332,420651,420854,422466,422501,423802,424419,432118,431684,433130,435641,436102,439491,441697,443582,445263,447039,449207,450815,451995,452240,452275,453454,454615,456192,456850,457380,464228,469851,470524,470484,470486,473967,476817,476815,478980,479971,480545,482680,493748,494716,493752,494684,495668,495618,496801,497716,498989,501228,508853,509494,508994,512285,515774,522118,525628,526951,530936,529926,531006,530992,532867,535460,539301,546916,548174,552774,552738,558362,566482,570369,573368,579766,592873,606738,614386,617481,620518,621179,621175,627740,631112,631119,635047,641781,644929,645320,648380,648412,648370,648416,661620,674296,677274,686609,686595,686621,686597,686598,686606,689000,697027,697052,697034,697055,699332,699339,704281,718613,718586,720152,746311,752072,756157,760710,778127,786270,786272,790162,791079,801864,801854,801859,801860,807284,816226,820134,820706,838555,848137,848489,849831,850140,866729,869516,890328,891860,901131,907334,909287,911371,916256,917614,922884,925544,927157,931623,934672,940618,956736,960713,963910,965170,969723,973209,975092,976536,977934,979939,982306,986677,990193,991301,995311,996321,996428,997492,1000986,1000988,1000989,1002968,1002969,1005975,1013040,1015964,1018280,1020373,1021487,1024925,1025267,1027526,1028295,1030303,1030321,1032230,1033406,1037774,1039342,1038713,1039684,1041740,1041802,1045064,1047646,1047716,1049035,1049703,1050556,1054897,1058601,1060446,1059747,1060913,1061732,1069283,1069234,

http://h3n.mlspin.com/Email/SendClientEmail.asp?ClientId=1070273,1071157,1072126,1072721,1079613,1079693,1086940,1090725,1102378,1107745,1112017,1120080,1122103,1131234,1132957,1136031,1142022,1142960,1144618,1145982,1146637,1147860,1152251,1152387,1154507,1155435,1159791,1169274,1170203,1176591,1180108,1178738,1181416,1183481,1183485,1184043,1196897,1201112,1202136,1210781,1211856,1218320,1217502,1218374,1224747,1232328,1239734,1240441,1240818,1244493,1244491,1248128,1247303,1253171,1256657,1258449,1259914,1262788,1263226,1269032,1270491,1274096,1279154,1280537,1286232,1297907,1297880,1297876,1297913,1304367,1304390,1304385,1304382,1308559,1315505,1315854,1316670,1316654,1316663,1316666,1320389,1321491,1323291,1323302,1323681,1332456,1333401,1333391,1333508,1336266,1340907,1340910,1343238,1343233,1348566,1351138,1352342,1352401,1352422,1355345,1355372,1354993,1355069,1356981,1371548,1371567,1386034,1386027,1386008,1386003,1386006,1393165,1400007,1401361,1400959,1406886,1412763,1412766,1415241,1415242,1423374,1423386,1423375,1430454,1430452,1430477,1432145,1434672,1446778,1448539,1448524,1448541,1448535,1460972,1461001,1470786,1470779,1470771,1474644,1484057,1501034,1501136,1501031,1504875,1505504,1505514,1518800,1519609,1520816,1525476,1525471,1539250,1546722,1551814,1552899,1559484,1562909,1563113,1564994,1564300,1564305,1565959,1571807,1578582,1581960,1584021,1588163,1588917,1592918,1597118,1600303,1601152,1603429,1604579,1609595,1611046,1611038,1614812,1614799,1614807,1618450,1628162,1631039,1631040,1634010,1634018,1641426,1647943,1650932,1652424,1652994,1657919,1659902,1661714,1662885,1664152,1666935,1673251,1674662,1674645,1674649,1674648,1676623,1681977,1688780,1690979,1692127,1695688,1700011,1704519,1706689,1707941,1707888,1709874,1710808,1712847,1715214,1715933,1720401,1724679,1733037,1733340,1734569,1735889,1737316,1751327,1754277,1754275,1761797,1761796,1761802,1765871,1765840,1765874,1771247,1771245,1771243,1775551,1775950,1784616,1786448,1793382,1794289,1794291,1794286,1798218,1798578,1798413,1799549,1799838,

http://h3n.mlspin.com/Email/SendClientEmail.asp?ClientId=1800668,1801375,1801380,1803437,1804398,1806056,1811101,1811198,1811200,1822067,1822318,1824196,1824192,1826853,1829759,1829749,1833146,1833148,1835729,1838559,1838556,1840657,1842752,1844941,1846720,1847073,1847187,1847182,1849262,1852271,1853480,1856484,1857366,1857210,1858720,1858728,1860959,1860964,1863911,1878354,1878357,1883196,1885939,1889066,1894904,1900068,1908221,1912244,1915646,1916637,1923458,1923446,1923461,1924327,1926671,1927992,1927976,1927986,1928488,1928827,1927985,1927982,1928909,1928912,1930764,1933608,1937766,1942769,1942771,1944579,1946999,1946997,1946990,1948193,1949945,1954561,1954551,1954916,1956913,1957439,1957448,1957445,1957449,1958119,1959746,1961707,1962565,1962954,1966721,1968302,1969374,1970387,1971897,1973775,1973588,1974562,1976046,1976283,1985382,1985379,1986362,1986454,1989748,1989762,1989770,1989765,1993750,1996071,1996083,1996077,1996085,1996884,2003083,2003077,2010496,2010488,2010485,2010494,2011981,2012841,2015953,2016212,2018606,2020064,2020061,2020050,2020907,2022151,2022144,2023362,2026959,2026955,2031887,2031907,2036837,2036822,2042011,2042018,2049971,2050290,2050294,2050303,2050293,2050281,2055792,2055946,2055778,2055765,2055762,2057498,2061048,2061052,2061051,2061059,2061420,2063799,2063802,2063783,2067850,2068552,2068548,2068546,2068554,2068568,2073014,2072991,2076084,2076905,2080334,2080354,2080304,2080367,2080320,2085917,2087797,2088713,2088701,2091744,2097171,2106410,2106405,2106416,2111689,2118794,2118081,2118123,2119207,2119209,2125997,2125987,2125981,2125999,2134004,2133990,2136905,2141740,2142166,2145417,2145403,2145413,2145428,2145397,2146439,2148630,2150316,2150315,2150257,2150306,2150773,2157983,2157960,2157972,2157969,2164167,2164627,2167140,2167156,2167160,2167130,2167132,2169187,2171862,2175168,2181642,2181622,2193513,2194647,2196397,2203163,2203160,2203265,2208897,2212866,2220604,2224424,2224428,2224435,2232574,2233299,2233304,2233289,2233296,2234921,2238274,2239090,2259392,2259389,2259396,2259413,2261952,

http://h3n.mlspin.com/Email/SendClientEmail.asp?ClientId=2263702,2279812,2287355,2292729,2301879,2301877,2302699,2307750,2309494,2309497,2309769,2309491,2315104,2320262,2320273,2320270,2320261,2320276,2320849,2324189,2333901,2333891,2337323,2338385,2341088,2344148,2346258,2358301,2358278,2358130,2358122,2358117,2369265,2376722,2389166,2389183,2389178,2391754,2392129,2392408,2396305,2396297,2403304,2403296,2409006,2409145,2410255,2410247,2416578,2416575,2422430,2422432,2434272,2434261,2440760,2448964,2451292,2465209,2465213,2465216,2465205,2480404,2480397,2480406,2485672,2497405,2497400,2497411,2497430,2500930,2512794,2512792,2512787,2534645,2534634,2534629,2534641,2534640,2534637,2542701,2547773,2547760,2563177,2562856,2575647,2575765,2575634,2584143,2584142,2590847,2594769,2597429,2603032,2603043,2610669,2613798,2617038,2617060,2629977,2642638,2642636,2642581,2642663,2642586,2663003,2663004,2663005,2662995,2669991,2685985,2685963,2685974,2736105,2736586,2736565,2736567,2740828,2762085,

1996 records produced
7 records bundled

Processing L-R.txt...


1061 in this batch

http://h3n.mlspin.com/Email/SendClientEmail.asp?ClientId=http://h3g.mlspin.com/Email/SendClientEmail.asp?ClientId=104197,120118,148160,186979,197522,200317,264946,269608,269633,269639,271004,279896,283487,283448,284913,289521,289546,289525,292409,293165,296269,295713,296366,297902,300604,303953,313985,314592,314643,317928,325694,327964,329823,329934,330174,331045,331948,333561,334278,333740,336638,337617,338030,341048,341922,343378,349320,350561,350343,351792,352566,355966,357495,358082,377014,380024,381103,382482,382491,381462,382536,383560,383611,384162,383789,384070,385707,386220,388272,389437,392410,394618,398089,399061,401561,404426,404478,405083,412248,412355,413254,413226,413311,416657,417093,417663,417565,418009,419486,419009,418617,420584,421102,420764,421975,422403,423372,424350,426078,433031,434191,434242,436881,441222,441887,441722,443299,444920,444445,444380,444349,445680,448446,448167,450676,450422,450723,450720,452003,453331,453874,454298,455292,455798,455568,456979,457440,457743,460889,463017,463958,464837,467650,469241,470332,471873,473014,472971,473710,473769,474247,478971,479966,482732,482697,482692,487408,490023,491329,491331,494723,495566,495907,497000,498261,498981,500097,501230,502216,503492,504203,506594,507443,512255,514793,515776,518815,518817,519932,522589,522617,522779,524741,528451,528455,531979,535414,534104,538063,536798,537085,539302,541402,541406,546922,551099,552735,555397,556942,556932,557727,562073,564706,566483,571888,571875,571912,576886,581213,579763,581211,581207,582022,586085,588635,588714,592861,594029,598220,598308,617465,616168,616162,621183,621177,622540,622543,625141,625332,627789,629110,630266,635050,635052,641772,644901,644913,648362,651791,657957,660419,661644,668657,668661,668659,668658,668680,674309,674292,674302,686582,686608,697037,699345,701806,708682,708677,713108,713106,718576,

http://h3n.mlspin.com/Email/SendClientEmail.asp?ClientId=718573,718564,718584,722037,724046,723042,723035,728549,734721,734718,735693,740523,746266,746185,747453,750750,752981,756158,756154,762494,763533,774807,774793,785383,790164,801870,801971,803597,804343,811250,811244,813612,816199,819624,820273,820710,827046,834869,839737,840634,842612,846863,848130,852150,854804,855354,859593,861375,865609,872973,874477,877414,877823,878636,879544,882784,883719,886187,888692,891429,892949,906366,908675,913267,917598,920609,923479,929772,933614,941893,943844,956222,960571,961354,962415,963528,965761,970412,972970,975864,977717,977900,979707,979126,983555,984757,984739,984745,984269,986955,987315,991020,991656,991745,991647,993111,998145,1000983,1004277,1008523,1007785,1009251,1011965,1011016,1011039,1012091,1013567,1013036,1013044,1015121,1017150,1017424,1018223,1019285,1021375,1036360,1036790,1041702,1041761,1046525,1048726,1048773,1049022,1050549,1054645,1056544,1057075,1058829,1058534,1063164,1067714,1069807,1081117,1081125,1083861,1084847,1088835,1088838,1089796,1108632,1108767,1129653,1138424,1140286,1141040,1141042,1150709,1152385,1154151,1156803,1156158,1158707,1160941,1165055,1181423,1182997,1183491,1185159,1190470,1192247,1197211,1196520,1196933,1196734,1205370,1209908,1212300,1212970,1214600,1213844,1215426,1214986,1216901,1216703,1216596,1218544,1220239,1219502,1221715,1224594,1225892,1232311,1234406,1234801,1235525,1234813,1238219,1239736,1240008,1239725,1239706,1244494,1247067,1248726,1249553,1254360,1253366,1258633,1259910,1276656,1276662,1281736,1281730,1281734,1281737,1283058,1291290,1290599,1291488,1291480,1291485,1291494,1292731,1297189,1297911,1297908,1297872,1301393,1304373,1309611,1316680,1316581,1316669,1316660,1323292,1329065,1333394,1333389,1335043,1340548,1340876,1340905,1340882,1340895,1342101,1342652,1342156,1345986,1346093,1345570,1352396,1352423,1352404,1356964,1356974,1367207,1368589,1371561,1371562,1371550,

http://h3n.mlspin.com/Email/SendClientEmail.asp?ClientId=1382751,1386043,1386017,1386040,1386015,1386029,1386898,1388597,1391284,1395421,1395434,1395424,1400962,1412776,1415244,1421373,1423377,1423383,1423372,1430471,1430453,1430448,1430460,1438907,1448542,1448546,1448528,1448531,1448507,1455213,1456207,1460934,1464891,1465412,1464887,1478055,1486422,1488457,1490122,1501036,1501040,1501288,1505503,1505515,1505522,1506202,1505510,1509679,1509672,1511468,1514430,1515794,1517146,1518965,1518153,1519919,1519695,1525487,1526253,1530157,1530722,1530159,1533244,1533251,1533250,1536123,1546193,1546201,1546264,1553196,1551825,1560328,1559624,1559982,1563484,1564302,1565650,1572124,1576146,1576232,1579949,1579952,1581973,1582104,1582711,1586840,1586835,1589474,1588919,1590307,1590302,1590305,1590303,1591902,1592266,1592911,1593864,1594937,1597116,1597111,1597104,1600299,1604495,1604500,1604525,1607616,1615514,1614810,1614805,1614793,1622604,1628145,1631036,1631983,1631972,1634011,1634009,1636162,1641002,1644833,1647940,1647948,1650934,1653900,1656820,1658006,1658939,1660385,1659905,1659906,1660796,1666934,1666932,1666938,1666939,1669006,1669009,1673925,1674658,1681368,1685452,1685453,1685455,1685451,1692129,1693152,1694002,1694915,1694923,1694924,1700010,1702587,1702589,1702595,1712841,1713693,1713694,1714520,1714484,1715215,1719738,1719735,1722256,1723114,1723111,1727269,1728413,1731384,1734676,1737133,1737317,1739149,1744004,1750042,1751317,1751315,1754276,1754272,1754967,1756691,1757651,1761793,1761791,1765898,1765867,1765856,1766701,1771249,1774867,1774876,1774861,1776935,1780254,1781163,1783582,1785458,1790250,1790239,1790244,1790234,1790246,1792451,1793383,1801388,1801390,1803439,1805239,1805967,1806459,1811194,1811197,1811199,1812902,1815838,1817187,1822068,1822071,1823972,1823981,1823216,1824201,1824203,1829747,1829758,1829756,1833145,1838553,1838546,1841889,1843606,1843591,1843603,1848074,1847184,1847178,1852272,1857212,1858725,1858723,1861595,1861919,1861979,1865032,1864206,1864207,1872845,1878461,1878335,1885933,1885948,

http://h3n.mlspin.com/Email/SendClientEmail.asp?ClientId=1885949,1885941,1885929,1887245,1888268,1890299,1893680,1893657,1893685,1897727,1900027,1899992,1900013,1900021,1900044,1899847,1902506,1906159,1906921,1908209,1908228,1908205,1908222,1908232,1908225,1908215,1908211,1912232,1914134,1915635,1915636,1918479,1923445,1924331,1925011,1927997,1927990,1927987,1927975,1928911,1931572,1930762,1931516,1933603,1934549,1939823,1939815,1939807,1940884,1942773,1942775,1942759,1942765,1944577,1947003,1946995,1947071,1950818,1953918,1954570,1954558,1954553,1955616,1957443,1958153,1958120,1961705,1961708,1961712,1963717,1964301,1965132,1968308,1969377,1971152,1971223,1973591,1976278,1977858,1979018,1980738,1987080,1987081,1989769,1989763,1992393,1996070,1996063,1996075,1996892,1996894,2003061,2003069,2003080,2003059,2003076,2003085,2003089,2006577,2010499,2010503,2010506,2010504,2010495,2010502,2012864,2012849,2012851,2012856,2014363,2014146,2015341,2020053,2020055,2020048,2020062,2020058,2022141,2022140,2023370,2024611,2031901,2031894,2031892,2031904,2031903,2034955,2035450,2036820,2036832,2037587,2038970,2042034,2043264,2045651,2045658,2047944,2047956,2048008,2047923,2049714,2050296,2050297,2050751,2050295,2050300,2053776,2053762,2054760,2054903,2055781,2055768,2057604,2061049,2061050,2063788,2063816,2063803,2063812,2065256,2065160,2067595,2068540,2068535,2073214,2073013,2073006,2074812,2074310,2080317,2080328,2081507,2085931,2088703,2088700,2088714,2088707,2094647,2094655,2097217,2098396,2106424,2106384,2106411,2107506,2119196,2119171,2119172,2119211,2119205,2119198,2119201,2120238,2122626,2124742,2125984,2134012,2133991,2134011,2137647,2141723,2141730,2141738,2141722,2145430,2152865,2153821,2154185,2157980,2162713,2167148,2167125,2167618,2168093,2174052,2176288,2181639,2181613,2181625,2181646,2181610,2181631,2181630,2184613,2189273,2193491,2193501,2203166,2203149,2206491,2207043,2219476,2224427,2224426,2224444,2228078,2232600,2233308,2233306,2233302,2233297,2238273,2238272,2238271,2252623,2259385,2259411,2259387,2259408,2259386,

http://h3n.mlspin.com/Email/SendClientEmail.asp?ClientId=2263699,2263704,2277879,2277881,2278903,2279345,2287398,2287655,2291441,2295801,2296064,2296062,2301880,2301884,2302637,2302639,2308285,2309502,2316337,2322157,2322161,2325951,2333895,2333885,2337326,2351407,2351405,2358129,2358128,2358126,2358118,2361077,2363223,2363252,2363227,2367792,2369247,2369258,2376715,2376720,2376716,2376727,2376725,2376728,2379756,2382362,2382360,2382357,2382354,2382352,2389162,2389175,2389172,2389179,2389173,2391198,2392131,2392119,2394834,2396009,2396311,

3057 records produced
11 records bundled

Processing S-Z.txt...


894 in this batch

http://h3n.mlspin.com/Email/SendClientEmail.asp?ClientId=http://h3g.mlspin.com/Email/SendClientEmail.asp?ClientId=55540,131800,134878,137725,157173,186068,196882,204608,209296,259072,259701,264340,273370,279029,279865,280329,283328,283454,284643,284429,283506,286313,289542,289518,289536,294684,297074,303084,303080,305169,312718,313429,313974,318963,321435,322841,324230,323124,326352,327905,331209,333896,337324,340990,345128,346842,352393,355576,358274,358926,379546,380291,380260,381292,381475,382484,381843,401025,403344,403479,409017,412289,413244,414366,416411,417656,418392,420214,420758,421988,423356,428206,431427,435026,435032,436104,436213,437646,438091,437723,437550,439483,438546,440254,439877,439573,444593,447259,447212,450040,451706,455196,454553,459179,460881,464276,465659,465122,468349,469755,470760,471809,473961,475430,476816,476813,479208,482681,490031,490018,492617,494717,494715,494809,496098,498509,499290,498991,500062,501310,501267,501918,502999,502224,502426,504206,507679,509003,514729,515773,521521,522606,525631,528457,530947,533822,545543,551102,556937,556934,562050,563635,567867,570375,578520,588611,594030,594232,594604,594034,603693,605171,621182,631109,631124,631115,631103,632532,632535,632526,632531,641774,644915,645319,648415,651777,657977,661642,660404,660415,668654,674311,674290,686576,686578,697029,696977,697104,698051,708688,708681,708687,723043,728553,730524,733708,734715,736568,742433,747451,751729,751748,757289,766862,772902,778126,786275,790163,790160,803595,804931,807699,813613,817559,817677,834857,835343,836711,838219,838130,843338,844939,846199,849838,854788,858847,862412,869462,871353,879546,880441,886318,888657,891573,894392,902491,905816,906184,910073,912053,915896,917705,920305,922887,925173,926823,933193,933637,935983,937902,937810,940083,942269,944187,951541,951443,952914,954448,955949,958119,

http://h3n.mlspin.com/Email/SendClientEmail.asp?ClientId=961320,963391,968392,970225,973585,973548,974588,975053,976485,983574,984066,986505,986278,988208,988073,998399,1001268,1002971,1003802,1004275,1005807,1010081,1010916,1012098,1012094,1013005,1017197,1021144,1023629,1027454,1031159,1035306,1036271,1046057,1047394,1047664,1053480,1055603,1057822,1059752,1062608,1064609,1066913,1069232,1075100,1083860,1096000,1101256,1127068,1129651,1131235,1132391,1132841,1135098,1138287,1138991,1139374,1141344,1142836,1144620,1144619,1145986,1150710,1151490,1154007,1154160,1156157,1164381,1168070,1169657,1172808,1181421,1185148,1187732,1187644,1190552,1199262,1198508,1204999,1208935,1211438,1218318,1220237,1220593,1224441,1227848,1227944,1229523,1244487,1245838,1245865,1262212,1266229,1266056,1265720,1274337,1274567,1279287,1281731,1283976,1287522,1289701,1290654,1295232,1297879,1297898,1300437,1321725,1323301,1323306,1323298,1328456,1333411,1335068,1340896,1343235,1343236,1346163,1350720,1352711,1355070,1356968,1356987,1359556,1364022,1368026,1371564,1371545,1386048,1386044,1386035,1386047,1386011,1386005,1390147,1395413,1395414,1395437,1398182,1400958,1400960,1412773,1412774,1420422,1423570,1428541,1430459,1430490,1430472,1433248,1448511,1448547,1448484,1448499,1448548,1458221,1460952,1461004,1461883,1464897,1470797,1470793,1470800,1484906,1500862,1500439,1501030,1505506,1505507,1514520,1516074,1517861,1520115,1520373,1521795,1523610,1525481,1530158,1553154,1551826,1554921,1560685,1562407,1564301,1566867,1568890,1572048,1572127,1575965,1578091,1581014,1586648,1586836,1590300,1590306,1592922,1597117,1601150,1603434,1604501,1607621,1607619,1611042,1618444,1618448,1632687,1631984,1634014,1638922,1639944,1641904,1640998,1642150,1647945,1649796,1650933,1656582,1656807,1656815,1656813,1659853,1664917,1665939,1666947,1666933,1666930,1675618,1684864,1684856,1684853,1684857,1685450,1687681,1688567,1688777,1704520,1706051,1707887,1711329,1713560,1719742,1721242,1724677,1724749,1727595,1731184,1735873,1738912,1751314,1751310,

http://h3n.mlspin.com/Email/SendClientEmail.asp?ClientId=1754271,1754965,1761794,1761785,1763358,1765849,1765815,1771240,1774865,1776721,1776727,1781170,1781801,1783642,1786223,1787033,1794160,1793631,1798683,1800118,1801379,1807984,1807980,1812904,1815840,1816058,1817180,1822052,1823968,1824146,1823883,1824199,1826819,1829750,1829752,1833150,1842031,1842879,1843593,1847077,1847627,1848698,1850964,1852267,1861915,1864197,1867381,1867393,1866556,1870047,1870625,1872844,1873868,1876685,1878355,1878344,1878346,1878339,1881088,1885935,1885952,1885931,1885937,1885940,1885926,1889069,1900052,1900080,1900053,1900048,1899999,1906934,1908208,1910489,1910517,1912405,1915406,1915631,1915634,1918473,1918481,1923443,1923439,1923448,1923453,1923440,1923442,1923450,1924329,1927994,1927998,1927980,1928914,1930765,1930766,1933496,1933606,1933607,1934671,1941741,1942100,1943572,1942762,1942757,1942772,1942903,1944576,1950525,1953616,1954567,1954555,1954571,1955576,1957442,1957447,1959977,1960086,1964295,1965130,1965136,1965914,1966136,1966780,1968303,1969441,1971111,1971898,1972600,1973586,1976284,1976282,1979021,1980740,1996074,1996078,1996082,1996084,1996891,2003070,2003072,2003301,2003066,2003062,2010491,2010493,2012860,2012850,2012838,2012857,2014154,2014167,2014143,2014360,2014364,2015981,2015982,2016211,2016215,2020304,2022147,2022142,2026948,2031923,2031914,2031900,2031905,2033068,2033053,2037503,2036829,2037594,2040605,2042013,2042015,2042017,2044038,2044708,2045647,2050310,2050311,2050417,2050273,2050289,2055786,2058431,2065842,2067511,2068533,2068537,2068534,2076238,2080360,2080308,2080349,2079849,2080330,2080351,2085299,2085930,2085923,2087144,2088706,2088697,2094639,2094649,2094627,2094634,2094661,2098395,2106376,2106417,2119170,2119167,2119194,2125982,2125977,2128134,2137356,2137303,2141742,2145425,2150312,2152856,2152857,2152858,2157967,2157964,2157959,2161622,2162281,2162293,2166853,2167135,2167157,2167126,2167150,2167161,2167137,2181637,2181608,2181645,2188433,2193474,2193477,2193503,2193499,2193476,2203156,2203147,2203169,

http://h3n.mlspin.com/Email/SendClientEmail.asp?ClientId=2210987,2211200,2210727,2210733,2215329,2217683,2224447,2224413,2224425,2224423,2224439,2225787,2233300,2238266,2259381,2259406,2261119,2263698,2268654,2277882,2277883,2277874,2277886,2277871,2282475,2285321,2287319,2290108,2292724,2296065,2299891,2301883,2301874,2309490,2309498,2316333,2326427,2325953,2325955,2329645,2335342,2341085,2341086,2344115,2351400,2351408,2358324,2358791,2363225,2363228,2363254,2364641,2376713,2382819,2384056,2389185,2389186,2389180,2389169,2391185,2392122,2392125,2392126,2396302,2396307,2403298,2410261,2416583,2422431,2429424,2440758,2440762,2440765,2440759,2440763,2442754,2446664,2446662,2465243,2465218,2465221,2465211,2480400,2480390,2493048,2497423,2497431,2497432,2512789,2512799,2512771,2512795,2534659,2534630,2534648,2543640,2547780,2554899,2575631,2575641,2575648,2575649,2575643,2576149,2584125,2584148,2595026,2603048,2603029,2603046,2610281,2611885,2616784,2617056,2617059,2617044,2617058,2625710,2642613,2642606,2642652,2642626,2642634,2642617,2642616,2642594,2643180,2662993,2662992,2662985,2662999,2662982,2670520,2680361,2685966,2685958,2715475,2725768,2736589,2736564,2753774,2760280,2762212,2816316,

3951 records produced
14 records bundled

Processing FSBO.txt...


1505 in this batch

http://h3n.mlspin.com/Email/SendClientEmail.asp?ClientId=http://h3g.mlspin.com/Email/SendClientEmail.asp?ClientId=266210,283268,285943,305885,313236,324224,326254,329895,350211,368713,385136,404404,439487,439963,452359,459868,473361,499565,508131,533472,544167,545561,552728,552822,582800,583843,586087,591587,591586,591583,591581,598099,598093,598101,599481,599480,608269,608254,609559,616106,631044,631068,633803,632527,653370,653375,653371,654538,660398,660399,674285,680806,681517,681518,680798,681516,683737,686599,686584,689025,697033,697051,707007,721680,730486,730525,733675,733681,733693,734724,735662,740518,740609,742437,742439,747473,751642,752929,753941,758483,760639,762491,786218,790151,790148,790149,791075,801879,801908,802735,802803,804056,804065,812032,814338,820290,820147,820753,860899,862426,862424,865227,869444,868257,869456,868322,869442,869468,869478,869477,869443,869458,869665,870798,870820,874269,874254,877361,877331,877346,878309,878311,878296,878320,878285,878293,880935,880919,880914,880940,880933,883530,883522,887605,887731,887707,887081,887693,887599,887706,887937,890148,891017,891067,891577,893022,893010,894480,898146,900633,899537,901404,900777,901961,901951,901954,901952,901949,903106,903827,904309,905597,904909,904949,907486,907508,906458,907482,908984,912206,913030,912200,912198,913051,914848,914847,917354,918818,920270,920827,920825,920811,920816,920978,923063,923050,924395,924386,924389,929737,929715,929732,929724,929728,932720,932733,932712,936252,936226,936322,939313,939035,939322,940527,940523,941017,946244,946697,946691,946648,946683,948371,949089,949065,949101,948955,949051,949915,950753,951603,951612,953040,953038,952838,953473,954740,954735,958497,959327,959326,959325,961914,963701,964870,964864,964895,965010,964680,966225,967603,966551,966491,970033,969672,970037,970436,971363,971756,972423,973189,

http://h3n.mlspin.com/Email/SendClientEmail.asp?ClientId=973384,974295,973660,976004,978907,979268,979833,982219,983943,984734,984802,985657,985906,985880,985884,985919,985882,985897,985918,985921,985896,986742,988043,989051,989927,990203,990221,991426,992318,994759,994767,996270,996493,998021,998054,998032,998070,998074,998024,998018,997973,998087,997992,998075,997974,998027,1000993,1003477,1003475,1005110,1006293,1006843,1007299,1007822,1007885,1009450,1009562,1009584,1009444,1009583,1009586,1009538,1010334,1011304,1012398,1013023,1013911,1013078,1013107,1013110,1013079,1013967,1015324,1015520,1014891,1015512,1015501,1015502,1016272,1016257,1017673,1018059,1019318,1019315,1019601,1020199,1020170,1020322,1021275,1021993,1023426,1023411,1024802,1024823,1023739,1025200,1026289,1026787,1027466,1027985,1028361,1029786,1030634,1030744,1030211,1031294,1032437,1033394,1036108,1036149,1039392,1039431,1039393,1041530,1041388,1041026,1041541,1042545,1041888,1041696,1041866,1043564,1045069,1045376,1045398,1045420,1045407,1045389,1045292,1047507,1046530,1046571,1048434,1053973,1058139,1063627,1063684,1063587,1069219,1069221,1071089,1076190,1080950,1084845,1085171,1084846,1086234,1093779,1097210,1097879,1109154,1125221,1125088,1125173,1127401,1135217,1135212,1138437,1138428,1144289,1144299,1144826,1148663,1149405,1149392,1149726,1150432,1151602,1153951,1161466,1163794,1163796,1164375,1166898,1166900,1168765,1168367,1168481,1168560,1170219,1170223,1170212,1170210,1171951,1173543,1174072,1175319,1180488,1182304,1182266,1182280,1182628,1185682,1186310,1189339,1188962,1189708,1191087,1190735,1196056,1196057,1196065,1196080,1197214,1197215,1201089,1203762,1206132,1206102,1206101,1209797,1212551,1214665,1214684,1214723,1214647,1219741,1223056,1225266,1228945,1229908,1229624,1232962,1233231,1236054,1236097,1236904,1236564,1236550,1236529,1238317,1238309,1239022,1239171,1240207,1240834,1244127,1245835,1248000,1248166,1249436,1252960,1252995,1252945,1253030,1253540,1256444,1255693,1259608,1259695,

http://h3n.mlspin.com/Email/SendClientEmail.asp?ClientId=1260653,1260960,1261364,1262245,1264086,1263307,1264278,1266550,1273828,1276376,1276408,1276384,1276397,1276649,1277006,1280577,1281949,1282186,1283787,1288938,1288620,1288619,1290814,1292978,1295046,1297409,1299136,1300748,1305429,1307526,1308860,1310041,1311099,1313642,1314164,1316606,1319592,1320003,1321462,1322009,1321384,1323700,1323930,1323877,1323947,1325899,1329587,1333410,1333387,1333459,1335012,1336391,1340591,1341075,1340921,1340922,1341333,1343228,1344020,1344023,1346024,1346371,1347895,1352380,1352992,1352379,1356640,1359076,1358505,1358496,1360681,1360678,1360690,1362632,1363057,1363061,1363736,1364251,1364258,1364327,1364283,1364252,1368291,1370707,1371570,1370879,1371983,1373275,1374920,1381050,1381522,1381520,1381521,1388257,1389643,1391115,1392051,1391100,1392346,1394889,1395462,1395457,1395467,1396387,1396918,1397781,1399823,1400223,1410911,1419419,1421968,1422347,1423376,1425656,1427821,1429378,1430360,1430246,1430291,1432535,1434698,1439228,1446841,1446844,1446821,1455742,1462297,1462316,1462315,1464320,1470529,1471176,1471576,1480427,1482711,1483270,1486381,1488075,1491633,1491937,1491938,1492744,1492304,1498559,1498600,1503199,1503976,1505526,1507501,1510883,1510688,1511516,1511489,1512006,1512118,1512077,1512090,1512102,1512016,1512061,1511986,1512141,1519201,1522130,1526076,1533007,1533011,1536988,1541772,1545248,1547802,1547810,1547682,1547564,1547581,1547670,1558902,1560851,1564299,1567400,1567114,1567776,1567789,1572126,1575809,1576383,1576376,1577379,1576691,1577353,1577347,1577409,1580562,1579996,1583751,1586568,1586566,1586567,1587311,1593101,1594318,1598954,1602832,1602854,1605561,1608589,1609656,1609904,1609889,1616278,1617646,1619244,1623482,1623341,1625941,1626931,1628130,1633350,1633277,1638041,1643404,1647600,1648134,1654496,1655175,1659695,1664046,1665946,1665978,1670754,1671917,1673623,1678932,1681366,1682413,1684878,1685789,1686730,1687089,1687962,1690474,1691872,1691892,1694335,1694329,1695708,1695707,1698056,1700125,1705857,

http://h3n.mlspin.com/Email/SendClientEmail.asp?ClientId=1705319,1706193,1709306,1709509,1709912,1712085,1712043,1713193,1718422,1719740,1721457,1721565,1731784,1736648,1736457,1737513,1738830,1742592,1756403,1758933,1761140,1764231,1764772,1764771,1765484,1765650,1771239,1771512,1775989,1776133,1776149,1776869,1784366,1784364,1793059,1799443,1803419,1804146,1805349,1807470,1807151,1811109,1812826,1812346,1813698,1815449,1822794,1823563,1824825,1824874,1824545,1826931,1828564,1829839,1829882,1831609,1834733,1834295,1840243,1847308,1849895,1849898,1852397,1854351,1856461,1857432,1858450,1864203,1866920,1869148,1873135,1874880,1880309,1881709,1883669,1885947,1889536,1892098,1895070,1896069,1896669,1897940,1904473,1906179,1910886,1912559,1913642,1914143,1916212,1918825,1920833,1921049,1922132,1922811,1922465,1923063,1924081,1924078,1928555,1930028,1931362,1931609,1932049,1932342,1934751,1938301,1940506,1943505,1947488,1948727,1956876,1959792,1959684,1960430,1960567,1962138,1962139,1963822,1965062,1968894,1972388,1975696,1976274,1977120,1979156,1980543,1982063,1981638,1984626,1986943,1986950,1987192,1988328,1989462,1989773,1992201,1992152,1993269,1993227,1994693,1996353,1996592,1996050,1998083,1998082,1997744,1998087,1998566,1999042,2003637,2003163,2003682,2004201,2005145,2007953,2008878,2011773,2011381,2015832,2016365,2017992,2017991,2018496,2020855,2020856,2022678,2024285,2025604,2027997,2029936,2029891,2031590,2032438,2032437,2036432,2040015,2041495,2043895,2045950,2045949,2048657,2055803,2056454,2059231,2062176,2064955,2073166,2073165,2074322,2076989,2078257,2078244,2078258,2080755,2083683,2085657,2085658,2087464,2088531,2089116,2088976,2089119,2090068,2091375,2091046,2094611,2096341,2096337,2096365,2099854,2100364,2100230,2101096,2101087,2101542,2100786,2102534,2106597,2107933,2107488,2108872,2108564,2109833,2115375,2115974,2115975,2115745,2117165,2118360,2118353,2118838,2120028,2122557,2124541,2125913,2126731,2127205,2130707,2130279,2132119,2134245,2134246,2136648,2137267,2137324,2139749,2140611,2139752,2141098,2140705,

http://h3n.mlspin.com/Email/SendClientEmail.asp?ClientId=2142562,2144588,2145317,2145432,2146549,2148894,2149040,2148993,2149859,2150305,2150006,2150885,2151111,2150886,2152337,2154629,2154249,2155336,2154980,2155333,2155997,2160457,2160133,2162202,2165188,2165220,2165837,2165466,2166732,2166675,2166677,2166505,2168662,2169185,2169325,2169642,2169643,2170024,2169408,2170827,2170174,2171762,2171114,2171152,2172589,2174652,2177046,2177698,2177699,2177932,2178740,2178689,2179598,2179916,2181618,2182114,2183825,2183826,2184479,2185626,2185915,2185598,2186497,2187038,2187062,2187711,2188673,2190584,2191810,2192289,2193391,2194024,2194244,2195827,2196395,2197575,2199456,2199019,2200695,2202162,2202439,2204179,2204600,2207369,2207789,2209082,2209214,2209306,2210085,2210898,2211532,2211969,2212261,2212523,2215791,2215787,2217907,2218368,2218838,2219447,2219446,2221128,2221680,2223378,2223351,2224437,2224749,2226521,2227777,2229736,2231379,2232427,2233286,2234639,2234504,2234465,2235381,2236783,2238270,2239624,2240524,2241014,2241209,2241335,2242787,2245410,2245503,2245884,2247640,2247644,2247613,2248606,2249346,2249485,2250897,2252255,2256172,2257223,2257226,2258067,2263479,2265963,2268383,2269853,2269870,2270686,2271206,2272501,2272502,2275290,2276985,2277188,2279126,2279572,2280701,2282362,2282630,2283900,2285155,2285449,2286741,2290738,2290692,2290534,2291539,2294058,2295411,2295569,2296592,2298749,2299904,2300221,2300301,2300337,2302531,2302447,2303692,2305774,2306408,2306589,2307757,2309722,2310299,2310187,2313011,2315098,2320135,2322789,2323556,2330818,2330801,2331702,2332525,2334639,2337304,2337861,2338896,2344463,2345876,2352061,2352937,2353648,2354338,2358111,2360081,2360236,2363276,2363213,2364766,2365551,2368276,2368711,2372390,2372389,2375515,2377440,2382970,2384086,2384144,2384846,2389006,2392699,2394894,2394954,2396032,2395538,2396291,2399755,2400706,2399754,2399752,2401207,2401035,2405275,2408772,2408805,2409374,2413485,2414212,2414468,2414467,2417230,2418294,2419247,2419948,2420335,2419949,2421879,2422419,2423908,

http://h3n.mlspin.com/Email/SendClientEmail.asp?ClientId=2424432,2428353,2428351,2427985,2428332,2429144,2429261,2429292,2429293,2430058,2431128,2432010,2431212,2431296,2432040,2432038,2432382,2433210,2434053,2434920,2435227,2435228,2435999,2436166,2436168,2436784,2438723,2440653,2441532,2442230,2442930,2444715,2443753,2445669,2445600,2446536,2448054,2448584,2448179,2450200,2453770,2455232,2455236,2455235,2457327,2456414,2457343,2457319,2458318,2459142,2460510,2461440,2461599,2466943,2466087,2466944,2466085,2469780,2470386,2470513,2471027,2472595,2472596,2472594,2474451,2475821,2475822,2476507,2477916,2479343,2478575,2480352,2481177,2483534,2483536,2487086,2491782,2495748,2497380,2501118,2501873,2502559,2505297,2507058,2507057,2509511,2510489,2510490,2511285,2511287,2512026,2511286,2512766,2512777,2516342,2517690,2519861,2520833,2527527,2527095,2527096,2527352,2529192,2529396,2529397,2530977,2531029,2531030,2532252,2532728,2532826,2534319,2535221,2535463,2536872,2536933,2541186,2546237,2547249,2547391,2548818,2553178,2553179,2555690,2557540,2557148,2558968,2562593,2567231,2569510,2568934,2568933,2570353,2571480,2571926,2571927,2573513,2577295,2577930,2578364,2578952,2578953,2581119,2581121,2581120,2581122,2591501,2598291,2607497,2609562,2611203,2618596,2622499,2625346,2626395,2630485,2634558,2641327,2645583,2652523,2652519,2652525,2652517,2655804,2659308,2661276,2661729,2661928,2666127,2666191,2666965,2667861,2670555,2673327,2675791,2677828,2676922,2678051,2681228,2683767,2684831,2694823,2696237,2696205,2707557,2710344,2711380,2711390,2710429,2711373,2717404,2718837,2720070,2722413,2722407,2723954,2724061,2726508,2730229,2732012,2733204,2734137,2734377,2734376,2744739,2744744,2744742,2745887,2749426,2751405,2751341,2751640,2753211,2758384,2759444,2762516,2764693,2763766,2765891,2767522,2768200,2768199,2770083,2772169,2772170,2781970,2786055,2790092,2791165,2795393,2797529,2796684,2796701,2799830,2800978,2800914,2804828,2807171,2807978,2810891,2812670,2814996,2814997,2816850,2817043,2822092,2822048,2823002,2827369,2826832,

http://h3n.mlspin.com/Email/SendClientEmail.asp?ClientId=2827373,2826828,2827372,2830676,2831025,

5456 records produced
20 records bundled
