

869 in this batch

http://h3n.mlspin.com/Email/SendClientEmail.asp?ClientId=2224424,2020064,2020061,1028295,760710,2575647,457380,1183481,1927992,1958119,1356981,452275,1049703,2287355,2150773,1202136,1086940,2512794,890328,1448539,539301,1501034,1838559,399757,1657919,1072721,2145417,990193,2167140,493748,435641,2597429,1973775,498989,1145982,2259392,911371,1551814,2022151,997492,2125997,509494,1578582,1811198,2068552,2261952,1323291,2134004,2042011,934672,479971,1798218,1800668,677274,512285,1180108,697027,1446778,2736586,272701,2389166,1501136,922884,648380,1771247,1611046,1386034,1401361,1737316,2080334,2157983,1323302,1304367,1959746,778127,1183485,1505504,473967,2369265,526951,2307750,1520816,2358301,2358278,786270,1908221,170391,2542701,2171862,2145403,1423374,1754277,965170,1641426,1996071,530936,342492,439491,1822067,399029,1847187,801864,2050290,2106410,330758,1852271,1996083,1176591,1765871,2238274,1989748,1371548,1400959,1946999,2465209,1060446,2403304,1811200,940618,2239090,1024925,2263702,686609,786272,2534645,1340907,1406886,1709874,2434272,1928909,2358130,2642638,2497405,1860959,2497400,2610669,1761797,689000,496801,1634010,2685985,2057498,1784616,1169274,1386027,2203163,2167156,2111689,925544,2080354,558362,1666935,1946997,648412,1798578,1885939,1423386,1661714,2465213,1000986,1688780,1584021,497716,1603429,1674662,2358122,1973588,305875,2106405,2663003,2055792,1448524,453454,2547773,2119207,661620,1060913,1071157,2061048,2106416,382537,686595,697052,2534634,1079613,2015953,1863911,1976046,2341088,1695688,1244493,1315505,1846720,1152387,1018280,2063799,482680,1474644,2055946,1315854,

http://h3n.mlspin.com/Email/SendClientEmail.asp?ClientId=645320,2389183,399874,2333901,2642636,418332,1614812,648370,2080304,1927976,756157,1058601,1734569,573368,1829759,1049035,1015964,1842752,1856484,478980,996321,718613,697034,1470786,531006,1460972,2233299,1690979,2512792,447039,2141740,2145413,2480404,849831,2167160,2157960,2181642,2150316,1724679,1775950,1710808,2150315,686621,2391754,1858720,2333891,1824196,2416578,986677,1232328,1894904,931623,801854,1122103,2584143,1976283,1320389,1352342,415847,1930764,2076084,2175168,254973,2118794,2088713,1332456,2440760,820134,432118,1297907,2642581,525628,1274096,1423375,2031887,2020050,2068548,2055778,469851,1371567,1986362,2085917,1412763,2157972,1147860,2396305,2617038,2003083,2203160,2233304,1348566,1927986,1069283,2465216,1652994,917614,1928912,2358117,2320262,1835729,2422430,1829749,1942769,1333401,1037774,1240818,1652424,1304390,1989762,535460,1993750,963910,340119,995311,1957439,522118,1181416,2642663,2685963,991301,969723,848137,2026959,909287,927157,1184043,1676623,2590847,2118081,2118123,1849262,1996077,2125987,1600303,495668,385703,1996085,982306,494716,1962565,2234921,2203265,1962954,293404,620518,1120080,1047716,1844941,1933608,2036837,1102378,2403296,2512787,2547760,501228,313319,2500930,2613798,901131,956736,1761796,2309494,801859,1432145,2055765,1386008,2259389,1393165,1005975,1000988,1144618,1343238,1946990,1170203,1501031,1248128,1484057,1030303,1030321,752072,1912244,1430454,1765840,1131234,1178738,916256,1824192,552774,1519609,2575765,1996884,2010496,1256657,1262788,1659902,627740,2389178,1928488,283190,2617060,

http://h3n.mlspin.com/Email/SendClientEmail.asp?ClientId=441697,1136031,1581960,1799549,1799838,1775551,386224,1692127,2080367,2022144,697055,1989770,960713,1253171,975092,1316670,2603032,1928827,2563177,433130,621179,327971,1269032,816226,1218320,1681977,1525476,1949945,1355345,1355372,869516,1000989,2292729,1316654,2338385,495618,445263,1858728,1033406,1985382,349519,1937766,1155435,1822318,1806056,1786448,2448964,1650932,1733037,508853,1944579,422501,2663004,2663005,2346258,1634018,1957448,1211856,1039684,1628162,2026955,820706,1989765,424419,1470779,1525471,548174,2087797,2224428,1321491,1323681,2036822,1107745,1308559,1258449,850140,1090725,2320273,2167130,1286232,1430452,2309497,1735889,1297880,1564994,1386003,1662885,2309769,1270491,552738,386873,1631039,2050294,1793382,1218374,848489,1562909,312642,2736565,451995,1504875,417660,1224747,420854,1239734,1518800,2016212,644929,1505514,396788,1132957,2642586,2050303,1027526,1059747,2740828,456192,1915646,570369,1618450,330033,1826853,1840657,699332,2063802,2181622,1916637,1571807,379580,353432,1961707,1847182,1857366,2050293,1614799,2629977,1604579,2224435,1833146,1054897,2562856,28665,2480397,450815,1564300,1470771,2410255,476817,382735,996428,2050281,2145428,476815,2392129,1142022,648416,2302699,1923458,791079,2010488,2073014,977934,1316663,1146637,2497411,2662995,1244491,1333391,2480406,699339,592873,1611038,1923446,2392408,1860964,2076905,2061052,631112,1546722,614386,2465205,1304385,2320270,2049971,1954561,515774,1565959,1771245,1847073,413322,1152251,1154507,1614807,420651,530992,1923461,746311,283507,1159791,2422432,

http://h3n.mlspin.com/Email/SendClientEmail.asp?ClientId=790162,1712847,2301879,720152,1259914,1032230,1801375,1715214,2736567,704281,1564305,686597,1971897,1969374,423802,1039342,2485672,2196397,2164627,2067850,2146439,2194647,1597118,261534,1041740,1434672,1765874,1142960,866729,34256,1201112,579766,1927985,1803437,801860,635047,1061732,1070273,1942771,1707941,2164167,436102,979939,2376722,1900068,718586,1771243,454615,1352401,1002968,2534629,378946,470524,1072126,1552899,1801380,2068546,1720401,1412766,2068554,1838556,2097171,838555,2416575,1196897,2396297,2575634,1966721,1448541,1647943,2685974,2320261,470484,470486,1297876,2150257,1609595,1240441,1563113,2324189,1974562,1985379,1968302,2010485,414113,2010494,2133990,2169187,606738,1304382,1592918,422466,1700011,686598,2736105,2259396,1754275,1970387,1217502,508994,1415241,1210781,1751327,1020373,1038713,2320849,1400972,2011981,1954551,1957445,301518,631119,2301877,1794289,1833148,2068568,383655,391342,1715933,1924327,2136905,2208897,2409006,1857210,1878354,2762085,2167132,1112017,2279812,456850,382593,2193513,2125981,2497430,2088701,2061051,2534641,2233289,254831,1297913,2451292,2042018,431684,2233296,2125999,190829,2309491,493752,1601152,464228,2410247,480545,1079693,443582,494684,976536,1263226,2584142,546916,1352422,2055762,1047646,2003077,362054,1804398,641781,2061059,1674645,1461001,452240,2337323,1957449,2603043,674296,1674649,621175,2232574,2212866,1539250,2320276,2023362,1280537,2031907,1333508,1954916,279869,1247303,686606,891860,2220604,617481,1343233,2157969,1704519,1853480,532867,1707888,566482,1927982,1794291,

http://h3n.mlspin.com/Email/SendClientEmail.asp?ClientId=2150306,2434261,1794286,2534640,1279154,2072991,1448535,1883196,2018606,2409145,1013040,2594769,2061420,2142166,1588917,1415242,2344148,1798413,449207,1002969,2259413,1340910,1631040,2063783,1050556,1956913,2020907,1733340,1811101,1926671,1336266,1986454,2669991,1559484,1706689,1588163,1664152,1430477,2080320,1948193,2315104,907334,807284,1673251,2091744,1400007,1354993,1355069,1316666,2534637,1045064,973209,286812,1021487,529926,1386006,2148630,1025267,1878357,1761802,295664,1674648,1889066,1351138,1069234,2012841,1041802,2119209,214539,

1129 in this batch

http://h3n.mlspin.com/Email/SendClientEmail.asp?ClientId=153695,525781,400951,290501,394617,95482,470335,2322152,2422438,861378,1226673,594040,1609857,1016812,1970295,2003071,668675,2367954,2157977,1423390,1172835,284622,2134002,987015,1944494,1296883,1351773,1345018,744970,774798,2026966,2465244,1200269,1294969,801866,2063805,1858729,1833149,1458983,1176565,1515786,2389182,325744,2022152,2157975,686601,1239715,591277,1977167,2003073,807705,1204974,1765861,1779829,540546,1189923,215657,347235,1853398,2429418,1853495,1730495,2497435,1679248,1185701,1323280,1817048,1829745,1606307,1438725,555505,331644,2512779,621180,774808,737774,2662990,467188,1390889,609596,1533249,555378,1652995,562065,1352390,1861916,1198512,1005978,357006,412322,357127,1823973,1135106,473966,1459381,1147893,614423,2642604,490029,1423380,795286,986963,877425,1158638,1690975,1037734,1631029,2026968,966566,1181366,1960902,1734563,2468730,2376709,2003088,1130439,953386,978670,2333907,1872847,2181617,1983161,470649,498984,1272195,562052,1607618,1961706,818847,1776722,1030072,708675,1152383,2410254,1460955,2068559,1822072,660422,697059,1572117,2497419,555391,2429415,1567786,1979020,555315,1900017,1007786,1822074,2547755,530945,2497428,1501032,2045661,1765854,1016462,1152382,585276,1634013,490086,1781164,2534643,1297912,668681,2416574,2145408,1968304,2068550,2031908,2259390,697042,1273427,2073002,1954572,1838547,1340900,1062607,2157965,2068547,744969,1996068,2003068,1526550,1279150,1947004,581206,1765891,2446659,1722027,493746,539308,820136,1793391,1239723,608257,965730,625321,723040,1986364,1412760,

http://h3n.mlspin.com/Email/SendClientEmail.asp?ClientId=1628154,1954566,2389154,1272101,1482270,2277877,2646918,2512803,1388898,2584146,2014153,2050304,590083,2042009,491338,2119216,1150978,648375,1974560,1878348,2547766,901137,1786289,2480413,1735881,1631042,266871,1885951,434077,488002,386189,2547767,1774852,256822,1900040,2429700,1024868,1927988,418393,2036824,2316335,629442,762493,417654,1669008,1395428,340117,1973095,420562,671395,2663874,641768,1765879,1765872,871759,1919808,2309486,813422,2547769,970383,947220,978528,979602,1401118,522782,1986015,1761780,495903,2363222,946953,289529,1719031,1674659,962948,452609,271529,2805464,1065778,1066836,1067823,631111,2080353,2080337,338036,812890,2119165,752978,1340835,1912220,318028,2322156,1277837,984748,325571,380027,2022153,2022159,1448523,283427,431146,1356957,2434265,339106,598314,273603,285240,1627904,1501039,1995659,1644826,2534647,1927983,1386028,2181614,439523,932564,1466231,312884,2063787,2070509,279877,445441,603795,1807991,404308,1337282,419450,1470774,2036833,2203170,1505516,2193479,1964294,1804407,2125980,440229,1366330,477973,1800069,2736581,708667,536789,1507504,1228495,1464888,441721,260375,545549,402394,1942752,290943,452203,2282476,1538319,1588922,1604603,1880837,2193815,2036834,383580,2309489,1566919,2285320,1340886,708679,1239727,1316651,1541205,1553303,1541123,2098118,2789419,2736566,2422425,2259395,718598,229157,490191,442258,1021484,2193478,841845,2064521,1312783,820288,1219632,851443,1267923,500050,1389892,457949,529774,791076,988447,1087007,886398,1024867,625328,668672,2080313,

http://h3n.mlspin.com/Email/SendClientEmail.asp?ClientId=2037584,1031158,2016213,1908223,201579,2167142,2224432,1309609,401033,1847188,1858727,1253060,256554,2278829,550108,2063784,1180175,2598145,1567785,718568,2434266,1352421,2088709,775682,539296,1423392,1437700,948408,1640997,686605,599472,2052762,1900076,1253473,1017660,549364,1323296,1694918,936418,1448575,1725305,413227,1852268,2003090,1293666,1158634,1943747,1801385,1634017,2224441,1477464,2465235,622541,2497414,1328066,470483,449262,2617045,2320274,1274600,1508709,1070687,2157973,1352410,1412765,1476469,1695931,1652074,2141726,1180176,1180438,2547771,1637950,419516,521519,209200,927100,435311,2382361,1579158,793418,1998925,1448538,1949068,2010477,2056866,1740162,648374,945521,2584137,1043175,2436142,609594,1265719,2410262,2584131,422010,2434269,1071534,660403,280418,1501037,2233288,381490,1474604,2341084,2126029,1371572,1611045,2309493,563631,1572588,2353650,1228486,1386024,599469,450707,2369263,903234,1323288,2150296,2497403,2094650,1795464,303583,1430474,2437233,1213853,2721319,429636,2119177,2022137,1158636,1559626,2358961,1254563,1343240,1253405,2389165,1712845,1674653,2642600,463657,820209,1423389,1386046,947106,760718,1250307,1400970,1926328,2157976,1486423,1352413,807787,2259399,634997,972450,2301886,2125988,971568,2763513,502258,1088829,2141727,697035,530934,1063163,544053,323164,1966664,2193475,1804400,2603045,1336509,885844,1771236,1847631,1857402,1843594,1486450,1636161,2063800,1900065,324904,2534725,1774877,1466418,1927991,430995,485140,441489,1927255,1787026,2073452,2057493,1700015,2141741,421367,2183407,

http://h3n.mlspin.com/Email/SendClientEmail.asp?ClientId=143868,2080365,2063790,843446,824664,445042,1786222,1989771,2224448,2026967,587017,837686,1996888,1659742,978065,631104,402726,397307,1575964,2059849,1448514,1807988,1309612,729600,870936,1944574,2157971,1340899,2063781,2055791,825496,441390,1681376,1297910,404933,437981,2389174,2358127,1024470,339986,1668756,1721295,1807976,2617047,2031919,2736558,1460991,1650935,2422433,2063814,1793398,1588918,2309495,2534656,2451711,1323327,1965911,2292730,2119166,1649799,2152863,2617039,2314869,738168,1878342,651811,322490,2094640,686620,1144546,1144549,1512212,267810,1341578,1027452,1031141,1942776,2282969,2382351,1735884,2152861,577903,2669886,2662963,1674660,420627,494791,1829773,409754,986940,2422423,2344141,631055,686622,2584133,1942777,1785538,864789,2692477,986948,996031,334801,1933600,2072210,2050309,1947009,2685965,1395415,295718,651782,1415246,625346,2535300,503167,2236354,1000987,2141725,594041,1631034,1138981,1870044,995815,470480,708683,2119188,513318,2063815,2262649,451699,875264,422600,522593,606740,2147746,2106391,947792,1586833,2447036,2429425,2039854,2022145,2023287,1448497,435289,1062465,1794306,1774857,1824200,1801393,1918469,1723112,522603,1761790,254782,430414,516484,751727,1340870,807696,978241,2534658,651803,2111564,507449,1864201,686623,1225893,718616,644935,1692130,1812909,2301885,2045648,1631041,501263,2157974,2259409,2193483,1564309,532874,313696,1182567,1687685,350182,641784,2119175,283425,458167,1309605,1369044,2547775,2173845,1996081,503504,2358608,434303,902092,891906,1803435,1658938,

http://h3n.mlspin.com/Email/SendClientEmail.asp?ClientId=1125119,2440748,1430468,1235369,1240881,2277875,774703,2670999,1363756,1352394,2209768,2032516,283554,798345,495568,1822073,2259382,2016216,1309606,1674651,525622,839696,1692126,979864,400946,1668611,1638928,1681384,1352415,2106383,2106397,1149365,2050306,1594946,1448504,1000635,641791,423785,1455446,1603438,1908204,595569,1448540,1706100,1444142,1444491,1444499,1065271,2159148,686579,979007,1908227,686590,1607620,2768726,2642591,1460996,298466,563625,2333893,1564274,970713,968319,1350172,1342100,1351842,2010490,2465224,2502789,914619,727485,1897791,2203154,1969375,2003060,2106380,1170171,2292119,2395728,556944,1910485,2305110,2285566,489540,1968179,1955161,2072999,1080639,616164,2259379,518819,1356965,61857,1216065,1220908,204520,383616,1304380,2005772,1208936,2036828,2165464,1640353,1647998,1665997,1898825,2084771,380030,1642053,1664227,1435334,2736569,1707886,1644822,2373023,539303,2603035,611863,1945565,1386022,1201758,1395427,2412861,1765836,1291490,2026963,583009,2063794,506645,264274,1546194,589168,976133,1684848,1265199,2085926,1592919,1996079,2038453,996320,436207,955181,2142621,962420,298945,1304370,1305893,1354976,1480956,845289,1159708,1309617,984063,2603031,2132900,1588094,186194,1973589,1456432,2213542,2181628,498983,990751,381130,1786226,1885942,2662967,1386016,2233303,2022150,606746,1776723,1423384,2812085,2515654,2525752,2080333,2092915,1304372,1786227,1979015,2210725,1781183,1944633,1603443,1501028,926378,1858726,473357,2224440,686619,294269,386226,1567779,1219371,1979016,1415247,511055,959821,1893660,

http://h3n.mlspin.com/Email/SendClientEmail.asp?ClientId=2376721,556940,669717,1852273,2062599,1310823,461663,1591873,428351,173373,635040,635041,1333396,965922,1559620,2119174,544058,1264231,2292723,1774873,1807974,1207800,1973584,400207,1316668,1050551,2010497,1949071,1148655,2325954,1161896,1186176,2233287,2465237,625344,1276651,2055790,1607427,1503108,1887011,1448536,2106415,385022,289519,907398,381201,1918475,1885938,289523,1872842,1412778,1460958,492601,407730,1885932,495990,2385241,514724,1346096,1340890,631110,289528,2349880,2119178,505093,2134014,2534666,1104396,1891666,2736593,2292733,2656861,1845359,2278988,1719733,476819,317111,603696,1793389,2642620,1870054,273630,686585,1430469,1448493,1725284,1733455,1180043,472136,440144,614424,1793390,1055243,1811196,1644832,1517412,686592,641771,1848327,555394,1505521,668655,2646141,2642573,496422,2259404,523908,2285323,2422422,2023360,1923444,483849,906452,2145416,963239,1395402,1984529,1923452,1843600,2068564,2642618,449769,2512782,1395400,1108683,644905,2409199,447498,2389189,

1164 in this batch

http://h3n.mlspin.com/Email/SendClientEmail.asp?ClientId=1971152,1036790,1723114,840634,337617,336638,1316680,2181639,269608,1973591,1572124,2068540,892949,1790250,1152385,2088703,1908209,1900027,1220239,1225892,2575644,1969377,984757,1644833,522589,1464891,2219476,1843606,1221715,1239736,2575636,2685949,2685975,491329,457743,1518965,419486,338030,617465,819624,713108,2685982,2088700,2512783,1297911,1281736,2074812,2420544,1734676,1780254,1700010,1714520,1848074,2423407,2420545,358082,2034955,2440757,2584129,2308285,2181613,2301880,528451,586085,627789,1899992,2480405,357495,464837,333561,2252623,1878461,1615514,1674658,2422428,382482,2367792,750750,1488457,522617,2376715,1455213,1216901,2287398,625141,1852272,1940884,1958153,1731384,2010499,2054903,352566,1565650,1013567,598220,621183,1861919,2295801,2068535,943844,2020053,1333394,474247,2055781,1345986,1931572,1653900,292409,455798,416657,479966,1553196,1526253,1185159,1927997,1591902,2137647,929772,1165055,330174,2003061,1340548,1829747,1737317,384162,598308,501230,1013036,2259385,1801388,2382362,668657,200317,1719738,2440754,1041702,1048726,1774867,1702587,2106424,852150,2098396,2603033,1281730,2333895,296269,1942773,2642588,2645091,556942,979707,1058829,975864,2685971,740523,1054645,1340876,1900013,1803439,1957443,284913,2277879,2296064,1754276,1218544,1908228,2446663,1340905,535414,1647940,377014,2602492,2361077,630266,708682,2396311,1756691,1685452,2376720,1728413,524741,1530157,1669006,2094647,148160,1197211,1900021,467650,541402,2534654,686582,588714,1050549,1660385,1947003,1430471,351792,2073214,1240008,534104,

http://h3n.mlspin.com/Email/SendClientEmail.asp?ClientId=747453,2050296,2043264,2097217,1597116,2120238,1316581,1564302,1719735,2024611,1923445,1196520,2049714,1659905,1576146,582022,1885933,460889,1501036,2003069,1934549,576886,963528,1297908,2119196,1388597,1008523,2322157,382491,2031901,1858725,1150709,1214600,2053776,2065256,1249553,2053762,2054760,1514430,1600299,2296062,2119171,2642578,1291290,1395421,2134012,1908205,891429,2396009,1368589,2065160,855354,2015341,1915635,1614810,450723,441222,1628145,724046,1041761,2358129,2358128,970412,1546193,581213,1224594,2379756,872973,1316669,1933603,1714484,984739,1669009,1989769,972970,2398905,197522,463958,2259411,1212300,1352396,1908222,1301393,1182997,514793,1647948,1215426,674309,848130,774807,392410,1196933,722037,1634011,383789,507443,592861,1641002,1927990,1297872,1829758,2429420,2010503,2010506,1015121,355966,2291441,2063788,2107506,1346093,2012864,1292731,2238273,463017,2376716,528455,2603038,2497416,1576232,1666934,2119172,1946995,813612,1918479,1783582,1590307,186979,1560328,1861595,1865032,1887245,1888268,991656,421975,1247067,1291488,1156803,1908232,1333389,1996070,1291480,556932,478971,917598,718576,1636162,1519919,1592911,1530722,2617052,398089,1011965,1761793,2047944,2047956,2048008,622540,421102,1011016,1971223,2006577,2736601,2088714,1530159,2153821,660419,404426,2073013,538063,1181423,1021375,2238272,1666932,2396306,1238219,491331,2534632,283487,1586840,1391284,1996892,2351407,713106,2014363,1765898,1108632,956222,1423377,2181625,1593864,1465412,1976278,1658006,1823972,1878335,1727269,1386043,1258633,436881,1579949,

http://h3n.mlspin.com/Email/SendClientEmail.asp?ClientId=331948,482732,1309611,2020055,2073006,1702589,389437,1342652,343378,1036360,426078,2181646,1953918,1942775,723042,2534661,423372,2451288,2468895,2424627,1885948,1942759,2363223,1989763,1525487,1421373,1673925,2603036,1614805,1812902,2440750,1386017,1650934,728549,2233308,2415950,579763,1234801,1712841,334278,1915636,622543,2063816,1017424,1345570,661644,2351405,2167148,317928,388272,382536,1822068,2141723,1939823,1885949,1658939,1018223,350561,1283058,2193491,2045651,2416580,657957,1254360,490023,2416581,2585624,2603030,264946,1412776,503492,455568,1987080,384070,1216703,1248726,1141040,1056544,1963717,1430453,2736571,1950818,2575646,1590302,1352423,385707,422403,2603037,616168,1754272,1693152,621177,1518153,498981,1893680,697037,2031894,735693,2061049,2031892,2591489,2547764,1356964,1805239,1614793,2023370,641772,1811194,2485622,2119211,571888,2035450,2038970,2232600,1058534,820273,454298,1838553,296366,2036820,962415,674292,2358126,933614,1276656,2003080,413254,557727,2685988,386220,2480411,1089796,1604495,961354,1824201,1924331,2003059,2233306,495566,331045,1205370,2429419,718573,1833145,1811197,984745,2534655,1253366,1478055,2145430,2403300,2416585,441887,1367207,2042034,1423383,504203,1536123,552735,1823981,1906159,1192247,2333885,2642651,2392131,2085931,2193501,1259910,1996063,1958120,2141730,1631036,1352404,2259387,448446,2106384,404478,2133991,1423372,1754967,1141042,2389162,2363252,1765867,1992393,2012849,1589474,1342101,635050,2010504,314643,1582104,811250,1154151,2410258,1057075,2774610,1559624,1843591,2259408,

http://h3n.mlspin.com/Email/SendClientEmail.asp?ClientId=763533,756158,2301884,487408,1793383,2050297,471873,1761791,874477,1323292,1448542,1751317,1371561,1000983,2134011,1774876,1857212,718564,2263699,412248,1713693,350343,2224427,1281734,2603039,419009,877414,1140286,1371562,2224426,834869,1430448,1987081,1551825,1694915,2080317,816199,1546201,2106411,2020048,1371550,2394834,1930762,546922,536798,2074310,1063164,506594,2480393,2238271,269633,518815,325694,470332,2154185,2152865,2167618,494723,1559982,1448546,283448,1017150,2440749,1448528,289521,1533244,1304373,289546,555397,2376727,441722,1448531,500097,1290599,1156158,2512801,383560,1342156,452003,2031904,1980738,1067714,2031903,1214986,1737133,2663000,2337326,1340882,420584,1340895,827046,746266,1811199,349320,453874,977717,2382360,1012091,2642615,333740,668661,920609,668659,1847184,1928911,1765856,2685962,2617041,908675,2547772,539302,1604500,1861979,1694923,906366,2010495,571875,2088707,2063803,457440,965761,1590305,289525,2228078,412355,756154,2396300,1048773,300604,1954570,668658,518817,785383,594029,450720,2534636,699345,541406,581211,746185,2037587,1019285,801971,718584,861375,1744004,2382357,1588919,2279345,774793,562073,1160941,2012851,313985,537085,566483,1790239,482697,991745,2181610,1456207,616162,1954558,2376725,2014146,1505503,2045658,2309502,1908225,1872845,444920,2119205,293165,303953,2392119,399061,444445,2003076,2512796,2233302,413311,1912232,625332,1751315,1694924,2497433,2663008,2748380,2081507,1694002,1955616,1329065,1900044,1582711,1395434,1824203,2416577,297902,1914134,983555,

http://h3n.mlspin.com/Email/SendClientEmail.asp?ClientId=877823,1858723,2396303,2391198,1792451,1805967,1750042,1108767,2302637,2302639,341922,801870,913267,1563484,668680,979126,1517146,1757651,2403302,295713,1400962,2575632,453331,2050751,2119198,2124742,998145,854804,269639,456979,2157980,424350,469241,2010502,2277881,1084847,882784,2125984,820710,2480392,888692,401561,2047923,1013044,1009251,1685453,2050295,1386040,1509679,2206491,2036832,473710,1533251,2660788,2578487,551099,1893657,1129653,497000,1964301,1158707,2584124,2642661,2547762,1448507,1509672,1927987,923479,1961705,1815838,1771249,1501040,1631983,1235525,2080328,522779,993111,2055768,1927975,418009,381462,1244494,878636,1692129,2050300,2162713,2451286,2233297,1977858,2020062,104197,1386015,2382354,498261,2662972,1386898,1382751,1656820,1291485,886187,2369247,1505515,811244,1464887,1774861,341048,1939815,648362,1515794,450676,1942765,1902506,1906921,1666938,865609,1239725,1961708,859593,588635,1415244,629110,1216596,2465248,327964,1931516,2203166,2207043,2662988,790164,1011039,1234813,1785458,473769,271004,734721,2316337,531979,1232311,1234406,1069807,1316660,1939807,1776935,473014,1281737,1908215,1885947,991020,2022141,1897727,1823216,2642646,1838546,1713694,1885941,1239706,1801390,991647,1961712,1944577,1219502,417093,986955,1634009,752981,2067595,1622604,987315,1297189,502216,482692,515776,455292,2602428,842612,1533250,1790244,1822071,674302,2141738,2263704,1631972,1519695,2396298,2389175,686608,1486422,2661640,2057604,1007785,1954553,433031,1088835,2122626,564706,2168093,644901,2012856,381103,417663,

http://h3n.mlspin.com/Email/SendClientEmail.asp?ClientId=1685455,380024,2141722,2777390,2736603,1660796,2497439,2389172,1806459,960571,1586835,2389179,571912,1212970,1291494,383611,1335043,314592,495907,708677,1781163,445680,1590303,2061050,1505522,1438907,1049022,1506202,413226,1276662,1681368,1604525,1083861,329823,2224444,734718,1183491,1829756,2003085,1213844,1817187,1138424,2382352,2429413,2363227,2184613,1666939,2259386,803597,2189273,2176288,420764,644913,804343,1885929,120118,1460934,651791,472971,417565,1968308,1979018,1864206,879544,1490122,2003089,450422,2497415,443299,2063812,279896,1739149,1723111,444380,2181631,1505510,1004277,2094655,1088838,405083,2322161,984269,2358118,394618,1864207,1843603,1592266,2022140,1847178,418617,1996894,846863,2465207,2325951,329934,1659906,1841889,1196734,1908211,1947071,444349,1546264,1899847,1209908,1790234,2389173,2020058,1081117,1081125,1722256,512255,2181630,1597111,1579952,1190470,1965132,2174052,2287655,1996075,2119201,839737,2547781,2497390,581207,519932,723035,1511468,1893685,1702595,1766701,1501288,1925011,1597104,448167,2497408,762494,1046525,434191,2432565,1386029,701806,1594937,2669791,1685451,2167125,2376728,941893,1715215,1581973,2617033,1356974,635052,1395424,2369258,2736561,1430460,2278903,1890299,434242,1790246,1607616,2203149,883719,977900,

895 in this batch

http://h3n.mlspin.com/Email/SendClientEmail.asp?ClientId=2642613,2642606,2642652,1783642,651777,988208,2396302,594030,2157967,1554921,321435,1154007,459179,844939,734715,286313,1751314,2715475,2440758,55540,2392122,494717,2263698,2662993,2277882,661642,1297879,1943572,1607621,1395413,2080360,1323301,1765849,1713560,509003,2217683,1448511,186068,2167135,2611885,2440762,312718,766862,2358324,935983,1279287,379546,1064609,1586836,1144620,1794160,450040,922887,1684864,1843593,1751310,428206,1656807,1973586,468349,476816,507679,1971898,1685450,381475,494715,1642150,1878355,594232,435026,736568,1611042,1650933,1800118,1127068,1075100,1976284,1501030,501310,284643,968392,2033068,2022147,1727595,1484906,1969441,803595,1352711,382484,1560685,2685966,2403298,880441,2088706,2094639,1458221,2662992,1145986,1607619,1211438,2050310,1687681,1505506,2094649,697029,973585,1262212,2326427,975053,973548,807699,2376713,1878344,1224441,728553,594604,603693,723043,998399,961320,2584125,1823968,1968303,2389185,2233300,324230,1776721,2512789,2497423,482681,1055603,970225,358274,2203156,1900052,2369259,421988,686576,2210987,2211200,632532,644915,2301883,2363225,2493048,920305,1771240,2329645,2440765,1852267,1824146,1706051,1632687,326352,2031923,1933606,1199262,1154160,2014154,2316333,1979021,1168070,1927994,2301874,1010916,1666947,570375,958119,1964295,2224447,1684856,2534659,2003070,988073,1885935,983574,1634014,2497431,479208,567867,1343235,1368026,1035306,1047394,2642626,1395414,1776727,2141742,196882,1004275,1530158,2181637,551102,1412773,849838,2068533,283328,1900080,1996074,1274337,

http://h3n.mlspin.com/Email/SendClientEmail.asp?ClientId=2575631,2440759,1150710,469755,1266229,1581014,578520,2106376,1965914,942269,1428541,1933496,1470797,2215329,2642634,905816,2003072,2044038,431427,641774,2037503,2076238,2044708,1227944,1586648,2358791,1923443,786275,1355070,131800,1601150,1448547,1017197,2363228,1520115,1847627,1867381,1069232,2210727,1290654,1885952,1915406,1959977,423356,1724677,1754965,1062608,420214,594034,902491,1590300,937902,879546,1423570,2152856,259072,563635,817559,1245838,476813,2003301,2068537,2080308,2725768,954448,2364641,412289,1604501,1971111,1781801,1870625,1842031,1229523,1761794,2595026,674311,528457,1793631,2268654,1900053,933193,1517861,1738912,1578091,1031159,2341085,2193474,345128,2088697,1754271,871353,1575965,2167157,1568890,952914,2309490,1448484,2642617,1566867,1942762,1885931,1220237,2282475,2012860,1912405,1356968,475430,2680361,2014167,1036271,2617056,1807984,499290,1763358,1885937,1096000,439483,915896,279029,1132391,1141344,444593,843338,854788,2603048,451706,305169,2512799,1603434,1430459,2210733,2224413,813613,1910489,1944576,2193477,2480400,1641904,2389186,2344115,2392125,1398182,1572127,2554899,2203147,1954567,515773,974588,501267,2617059,1675618,1129651,1335068,1553154,1906934,1132841,401025,1954555,2022142,1012098,2193503,1688567,2042013,455196,757289,1198508,1842879,888657,2351400,1927998,1787033,733708,473961,2050311,209296,906184,530947,1666933,1101256,1640998,1923439,2396307,2736589,1340896,1960086,381843,420758,514729,2012850,1386048,496098,2617044,1057822,1927980,2422431,2014143,2203169,1564301,1386044,817677,

http://h3n.mlspin.com/Email/SendClientEmail.asp?ClientId=1295232,1618444,1656815,1829750,1500862,2625710,2065842,2616784,1826819,1918473,1816058,2259381,1520373,2080349,2167126,1281731,1135098,303084,2259406,2261119,686578,632535,1156157,2325953,1833150,1001268,790163,2512771,1460952,2465243,2193499,2193476,1934671,157173,413244,1915631,1505507,440254,2465218,500062,1172808,1942757,2736564,556937,621182,2079849,2012838,2299891,2188433,2020304,2534630,660404,1448499,2416583,2662985,490031,521521,283454,1786223,2055786,1761785,1169657,1731184,1867393,1848698,437646,2050417,1822052,1823883,910073,454553,747451,438091,2162281,2137356,2162293,1666930,2534648,1059752,437723,355576,2152857,1684853,2643180,2480390,951541,772902,2050273,1066913,313429,2094627,1965130,2341086,1918481,2662999,1711329,986505,1187732,1464897,2238266,331209,657977,1930765,1864197,1847077,498509,313974,346842,2119170,836711,1817180,1395437,1013005,858847,1420422,2277883,2042015,2167150,2058431,1386035,2465221,1915634,492617,464276,2150312,1923448,2016211,1400958,403479,1930766,1430490,303080,2016215,2296065,273370,1812904,2363254,886318,894392,2003066,1138287,323124,494809,289542,1142836,660415,2026948,465659,1266056,1245865,279865,1872844,1333411,447259,1572048,1659853,1815840,2125982,963391,1525481,2410261,435032,2003062,1721242,2285321,1323306,2031914,1707887,2642616,1885940,1227848,742433,1448548,501918,1265720,1218318,1597117,1765815,1873868,891573,2125977,2068534,708688,1972600,1083860,297074,380291,1870047,1781170,1400960,1924329,696977,2014360,1516074,986278,2575641,1965136,1665939,2277874,2543640,

http://h3n.mlspin.com/Email/SendClientEmail.asp?ClientId=1966136,333896,284429,498991,2685958,1208935,1592922,2085930,1829752,318963,1323298,1433248,502999,1954571,2015981,1359556,838219,2015982,2033053,438546,545543,1283976,1386047,340990,2145425,1631984,1957442,259701,2392126,1287522,1881088,1928914,418392,358926,1343236,2042017,1885926,2050289,1719742,2753774,2157964,1957447,708681,2512795,1204999,2446664,2662982,632526,1950525,1850964,790160,522606,1647945,502224,2287319,2446662,2325955,1807980,2031900,2040605,1012094,352393,1274567,2603029,2762212,1980740,1386011,416411,951443,1350720,2067511,2119167,1878346,436104,403344,631109,1923453,1638922,2012857,1181421,460881,327905,1144619,2617058,869462,940083,1346163,1923440,1220593,925173,1021144,1023629,1521795,933637,648415,2224425,322841,862412,490018,1976282,632531,1996078,1562407,2010491,1470793,1297898,2167161,2384056,674290,1390147,730524,1704520,708687,1364022,1151490,631124,2152858,645319,2584148,2389180,2087144,2575648,1187644,1053480,1876685,1910517,280329,2119194,2576149,1688777,917705,1801379,937810,1923442,698051,2442754,2277886,1735873,2036829,2224423,1684857,1618448,955949,751729,1966780,417656,1289701,697104,2547780,1131235,1003802,447212,1138991,1356987,2080330,504206,439877,1514520,778126,2575649,2642594,1321725,835343,289518,1010081,2351408,289536,470760,2085923,984066,2391185,2137303,2128134,1908208,2465211,2309498,2389169,2277871,2603046,1774865,2045647,1942772,846199,1190552,838130,2031905,926823,588611,556934,2010493,1371564,2106417,1900048,1371545,2167137,1996082,1551826,631115,912053,2497432,

http://h3n.mlspin.com/Email/SendClientEmail.asp?ClientId=2670520,1942100,1866556,1523610,437550,2166853,668654,380260,2094634,137725,751748,1953616,1955576,2037594,2014364,1300437,2181608,525631,2575643,1878339,1639944,1664917,1656582,2382819,2224439,2225787,337324,1470800,1933607,1724749,2157959,283506,1244487,1046057,1656813,1461004,465122,436213,1649796,471809,1139374,2290108,1923450,2816316,2181645,605171,134878,1027454,631103,944187,1328456,1002971,1430472,2161622,1412774,976485,1889069,1861915,2760280,2610281,834857,409017,804931,562050,2440763,2335342,1185148,2080351,1941741,1824199,1942903,381292,204608,439573,1005807,1996084,2094661,2429424,1386005,264340,1461883,294684,1590306,1500439,414366,1047664,1164381,2085299,2292724,533822,1798683,1899999,2098395,1996891,502426,

1500 in this batch

http://h3n.mlspin.com/Email/SendClientEmail.asp?ClientId=878309,1784366,1920833,951603,2096341,901404,869444,920978,2527527,878311,1498559,1359076,1363736,2109833,1986943,1712085,972423,994759,949089,2080755,1764231,2375515,283268,1609904,1897940,936252,2137267,1491633,2029936,2165837,2064955,2432382,697033,868257,1834733,1648134,2263479,1320003,2166732,2258067,1395462,1045376,802735,1698056,1256444,758483,1015324,674285,2241335,1982063,2020855,2020856,1166898,591587,985906,1583751,1764772,1329587,2816850,2396291,1826931,1694335,2238270,2396032,2509511,2481177,1175319,1239022,1470529,1446841,2419247,967603,2185626,966225,1069219,1071089,2455232,1069221,633803,721680,2353648,2091375,329895,1712043,2127205,1276376,1196056,2334639,2170827,1144289,2191810,2442930,1153951,1834295,1498600,1248000,1577379,2331702,2557540,2479343,1633350,1998566,1975696,1027466,2154629,923063,2363276,2365551,2428353,2428351,1043564,1963822,2472595,2384086,1214665,2190584,1999042,2441532,985880,1232962,1323700,1009450,1977125,1196057,1228945,2245503,970436,2234639,1731784,683737,1576691,2751405,1362632,1191087,1803419,2495748,914848,2645583,1281949,2055803,1547802,2511285,1374920,2368276,1015520,1956876,877361,2027997,2382970,1138437,2678051,869456,653370,887605,880935,632527,1036108,985884,1522130,2185915,2310299,2307757,1305429,1173543,1170219,2188673,2337304,1041530,1358505,2041495,2155997,1512006,1039392,689025,1276649,2723954,868322,2172589,2571480,2666965,598099,2160457,2291539,1709912,912206,760639,1992201,1721457,946697,2229736,1282186,2384846,2148894,2300221,2101096,2457327,2169185,874269,2005145,2200695,

http://h3n.mlspin.com/Email/SendClientEmail.asp?ClientId=2204600,2217907,1429378,1321462,2107933,1360681,914847,2118360,2118353,2711380,1197214,2445669,1483270,2149859,2344463,1276408,874254,2527095,2442230,2427985,1738830,2399755,2483534,2242787,900777,1236904,988043,2036432,2177046,2428332,1161466,1505526,2360081,2330818,1647600,1623482,1738848,1577353,2512766,631044,2245884,1434698,2218368,2300301,1182304,920827,2577930,2183825,1261364,1322009,920825,2290738,862426,1394889,1399823,2767522,2024285,1045398,2276985,1866920,1784364,1125221,1962138,2272501,2272502,2310187,2303692,2797529,1370707,1381522,1292978,2577295,2541186,1691872,2185598,742437,2083683,2245410,2363213,1511516,998021,2666127,2529396,901961,2733204,2377440,2722413,1185682,887731,1149726,1244127,1214684,2507058,2547391,2432010,880919,1519201,2548818,2247640,1823563,1883669,973189,979833,982219,953040,2150885,2043895,1170223,1023426,2302531,1189339,1190735,1807470,974295,1889536,1196065,1262245,2734137,2734377,2573513,2076989,1340591,631068,1864203,1673623,1197215,1609889,790151,2611203,2800978,893022,1480427,1010334,2394894,1948727,1013967,1024802,869442,2578364,1691892,1031294,1032437,1776869,1039431,2652523,1214723,1308860,2536872,2078257,2306408,2073166,1492744,1206132,998054,2298749,1214647,1016272,680806,2352061,1684878,880914,2519861,966551,1150432,1151602,2421879,2400706,2270686,2558968,1013023,1017673,1685789,1238317,1238309,608269,2248606,2562593,2151111,2137324,2392699,1852397,2460510,2003637,2569510,2570353,2734376,998032,439487,2571926,2571927,1023411,1813698,1026289,1045420,2186497,1264278,1288938,2764693,2283900,1000993,

http://h3n.mlspin.com/Email/SendClientEmail.asp?ClientId=1007822,1018059,2507057,2796684,683767,2696237,2372390,1960430,1229908,1223056,2306589,681517,1617646,1507501,1148663,2661276,1297409,2535463,1364251,2313011,1512118,1623341,2136648,971756,1665946,2257223,1273828,2434920,953038,1236564,2673327,1125088,2677828,2168790,2763766,2578952,2578953,2431128,2115974,1048434,2115975,2168662,2730229,917354,2271206,2171762,2211969,2088531,2048657,1713193,654538,2275290,2395538,948371,2234504,2087464,2436784,1276384,1765650,949065,877331,1259608,1240834,1560851,1410911,681518,305885,2294058,1333410,2652519,1503199,2720070,1512077,1541772,1545248,1857432,1135217,1432535,1840243,790148,865227,2445600,2591501,1236054,1236097,2290692,1047507,924395,1984626,901951,2018496,1027985,2218838,1280577,2455236,2107488,1033394,1932049,2022678,2029891,2056454,1196080,1793059,790149,2195827,1364258,2192289,2547249,883530,2423908,2440653,2807171,1266550,1188962,1576383,2221680,2187711,1264086,2759444,2330801,660398,2194244,1381520,1681366,2581119,740518,2655804,1721565,970033,949101,1030634,1014891,1690474,1824825,1824874,2749426,2480352,1253540,1310041,2405275,740609,998070,1093779,1371570,1758933,2466943,2032438,2015832,1695708,963701,1341075,1252960,1998083,1998082,1934751,1455742,2073165,802803,2661729,1419419,1511489,1678932,1655175,1765484,2196395,2817043,929737,2511287,998074,1997744,1024823,1219741,998024,733675,1464320,1462297,1236550,901954,544167,1567400,1400223,2215791,324224,1976274,2478575,2804828,1847308,2429144,891017,1239171,1255693,1371983,2322789,1807151,439963,887707,2491782,2011773,2155336,812032,

http://h3n.mlspin.com/Email/SendClientEmail.asp?ClientId=2770083,2667861,1930028,1125173,994767,1283787,2372389,920270,2516342,2419948,1654496,1206102,1346371,2099854,2132119,1319592,1109154,2433210,2008878,2126731,1260653,1260960,1080950,2207789,2031590,2139749,2090068,1186310,2810891,2517690,2295411,2694823,1373275,2609562,1321384,907486,2219447,2219446,1799443,1347895,893010,1076190,2717404,1687089,2431212,2762516,929715,1201089,2461599,2209214,1996353,1804146,2300337,1395457,985919,2520833,2598291,2530977,1288620,2448584,2202162,939313,869468,1510883,2568934,2194024,1311099,2422419,545561,1168765,1174072,878296,998018,2165188,1356640,2758384,2235381,2154980,1009562,1471176,2807978,2527096,2101087,869478,1874880,1462316,2171114,961914,1028361,1340921,2435227,2435228,2169325,2408772,2652525,976004,860899,1547810,2448054,887081,2354338,1370879,1388257,907508,954740,1313642,1138428,753941,1252995,1931362,1987192,1700125,1564299,946691,959327,959326,2007953,2210898,762491,964870,992318,1006843,1998087,1316606,2149040,1020199,1019318,990203,1333387,2529397,2444715,1914143,1512090,2448179,2477916,985882,1182266,1389643,2122557,973384,266210,2210085,2209082,1671917,1695707,1135212,2223378,2183826,533472,2364766,2652517,1643404,1988328,680798,1922811,964864,1682413,2814996,2814997,2641327,2155333,2212261,2502559,2302447,1053973,1665978,1824545,1968894,984734,2040015,2150886,870798,985897,1097210,1097879,2145432,2124541,2199456,1212551,1045407,2607497,1015512,2531029,1029786,2726508,1593101,2630485,2017992,2017991,997973,660399,2732012,2224437,1771239,2510489,2510490,2215787,1989462,1182280,1041388,

http://h3n.mlspin.com/Email/SendClientEmail.asp?ClientId=2247644,2429261,891577,890148,1503976,2150305,1922465,1932342,1323930,906458,2414468,2247613,2581121,2581120,2581122,2269853,2469780,1921049,1896669,591586,2089116,2512026,1873135,996270,2178740,2470513,1736648,1276397,2234465,1396387,913030,1586568,1586566,1586567,598093,887693,2125913,2418294,1625941,2781970,1336391,998087,1940506,2141098,1015501,2799830,939035,2497380,2178689,591583,1229624,1295046,1323877,1989773,2722407,1233231,2711390,499565,2408805,2790092,1333459,1045389,1896069,786218,964895,1567114,1575809,1619244,1041026,1036149,2338896,1947488,1775989,1831609,1016257,997992,2290534,1430360,2670555,1916212,1858450,903827,901952,1020170,1299136,2025604,990221,1003477,2661928,985918,1576376,2474451,1815449,924386,2531030,912200,907482,326254,1928555,2257226,1776133,2532252,1996592,2466087,1811109,1895070,2453770,1719740,985921,2148993,1009584,1240207,1992152,2165220,1149405,1602832,2179598,2170174,1225266,1368291,1364327,1030744,929732,1492304,936226,1046530,2532826,2282362,2282630,733681,869477,1203762,1981638,2150006,1829839,1829882,1163794,1163796,979268,941017,1659695,1943505,2011381,2162202,2074322,2085657,2085658,1880309,1041541,733693,1488075,1391115,2501118,1994693,1015502,2430058,883522,2710429,707007,1670754,912198,946648,1063627,1425656,1547682,2154249,1343228,820290,2091046,2169642,2169643,2795393,2511286,686599,1063684,2108872,1805349,2269870,1042545,880940,1009444,869443,609559,1587311,1972388,751642,887599,1687962,1166900,1009583,1019315,2368711,686584,2420335,2146549,1007299,2711373,978907,2108564,932720,

http://h3n.mlspin.com/Email/SendClientEmail.asp?ClientId=971363,2166675,2166677,1344020,1344023,1965062,2529192,2032437,2088976,1025200,1021993,1026787,2233286,2483536,1608589,989927,2424432,1360678,1127401,1352380,2724061,1959792,1567776,2323556,2360236,1686730,1263307,2337861,1300748,1626931,2062176,2487086,1170212,2232427,2226521,1904473,1012398,2227777,870820,2438723,742439,983943,1462315,2436166,2435999,2094611,946244,1446844,1580562,958497,1030211,1605561,1718422,1598954,1959684,2177698,2177699,2197575,2681228,2332525,2165466,2622499,1694329,1533007,1533011,1638041,1252945,1923063,820147,2187038,998075,2045950,2045949,2429292,2429293,1993269,2431296,2003163,2223351,1364283,2285155,966491,939322,973660,946683,965010,552728,1512102,2236783,2796701,1609656,2277188,1962139,1363057,1363061,2102534,1828564,1558902,950753,2753211,1259695,1421968,313236,2625346,2239624,1931609,1869148,2532728,2555690,862424,2812670,2751640,1358496,1512016,905597,2286741,1164375,1709306,1709509,2100364,2384144,2707557,2466944,920811,608254,801879,1046571,1058139,2089119,1422347,1045069,1086234,901949,894480,801908,2409374,2745887,791075,951612,1567789,997974,1144826,998027,2659308,1577347,350211,2320135,940527,929724,880933,2772169,1009586,1013911,1277006,1360690,1491937,1491938,904309,1325899,2280701,1906179,1041888,591581,1742592,1396918,1395467,1084845,1085171,2626395,582800,1013078,1013342,1776149,1340922,1427821,936322,1938301,2144588,2145317,2256172,1993227,1381050,1009538,2684831,2401207,2345876,959325,891067,948955,2791165,735662,2117165,1021275,1020322,1922132,1547564,2399754,1924081,1003475,2252255,

http://h3n.mlspin.com/Email/SendClientEmail.asp?ClientId=1253030,1236529,2458318,2414467,2546237,996493,2160133,2413485,2118838,900633,1510688,2130707,2096337,2557148,2305774,508131,2296592,1536988,1486381,913051,1023739,2443753,2016365,2476507,2475821,681516,1249436,2140705,385136,2800914,1979156,653375,2450200,2299904,1910886,2751341,2309722,2445672,1041696,924389,2475822,2394954,2768200,2003682,1180488,1182628,2568933,2177932,1616278,1856461,953473,1439228,1430246,1761140,2204179,2472596,1323947,2505297,586087,2534319,2535221,2358111,452359,697051,2446536,2170024,2166505,1364252,1913642,2315098,1430291,2106597,2115375,949051,2718837,599481,2279572,2249346,1764771,2501873,2268383,368713,923050,991426,2187062,2211532,2179916,2241014,747473,887706,2675791,1423376,1572126,2096365,1996050,2181618,2456414,918818,2772170,2527352,887937,1027921,2184479,2466085,2169408,1482711,2634558,1446821,1512061,954735,2696205,2461440,804056,1245835,820753,2295569,2401035,904909,2417230,2536933,2567231,2140611,1005110,552822,2199019,1352992,899537,1171951,2202439,2171152,2352937,2786055,869458,730525,2710344,989051,1392051,2142562,2471027,2512777,1633277,1006293,734724,2207369,2139752,878320,2768199,1013107,2100230,804065,2457343,2457319,1391100,1392346,1039393,2120028,2470386,2279126,1290814,2765891,2553178,2553179,2744739,932733,1045292,2389006,1063587,1013110,1013079,1019601,1041866,583843,1007885,1912559,2432040,2432038,1471576,1881709,1248166,1892098,1511986,878285,984802,1602854,2224749,1307526,1149392,985896,1849895,1849898,814338,2240524,1288619,920816,1346024,2455235,2676922,598101,1084846,2285449,

http://h3n.mlspin.com/Email/SendClientEmail.asp?ClientId=985657,1011304,2419949,730486,2434053,285943,2182114,878293,1594318,1526076,1628130,2666191,2231379,1705857,1706193,1577409,1924078,2618596,1512141,1664046,1736457,1812826,2059231,1144299,1189708,2414212,898146,904949,1977120,1986950,2130279,2249485,2209306,2152337,1547581,1812346,2004201,903106,908984,1335012,1918825,1737513,2436168,1705319,1547670,2250897,473361,969672,970037,940523,877346,2399752,2265963,1960567,2212523,949915,964680,1822794,2241209,2115745,2078244,2101542,2193391,2100786,1771512,616106,1579996,1170210,1206101,1756403,1980543,1341333,599480,1168367,1168481,1168560,459868,653371,1352379,2134245,1397781,1381521,986742,869665,1209797,404404,1854351,2221128,932712,2472594,1314164,2134246,2078258,929728,2174652,2744744,2744742,2459142,952838,752929,

5557 records produced
25 records bundled
